





<!DOCTYPE html>
<html
  lang="en"
  
  data-color-mode="auto" data-light-theme="light" data-dark-theme="dark"
  data-a11y-animated-images="system" data-a11y-link-underlines="true"
  
  >



  <head>
    <meta charset="utf-8">
  <link rel="dns-prefetch" href="https://github.githubassets.com">
  <link rel="dns-prefetch" href="https://avatars.githubusercontent.com">
  <link rel="dns-prefetch" href="https://github-cloud.s3.amazonaws.com">
  <link rel="dns-prefetch" href="https://user-images.githubusercontent.com/">
  <link rel="preconnect" href="https://github.githubassets.com" crossorigin>
  <link rel="preconnect" href="https://avatars.githubusercontent.com">

  


  <link crossorigin="anonymous" media="all" rel="stylesheet" href="https://github.githubassets.com/assets/light-74231a1f3bbb.css" /><link crossorigin="anonymous" media="all" rel="stylesheet" href="https://github.githubassets.com/assets/light_high_contrast-83beb16e0ecf.css" /><link crossorigin="anonymous" media="all" rel="stylesheet" href="https://github.githubassets.com/assets/dark-8a995f0bacd4.css" /><link crossorigin="anonymous" media="all" rel="stylesheet" href="https://github.githubassets.com/assets/dark_high_contrast-9ac301c3ebe5.css" /><link data-color-theme="light" crossorigin="anonymous" media="all" rel="stylesheet" data-href="https://github.githubassets.com/assets/light-74231a1f3bbb.css" /><link data-color-theme="light_high_contrast" crossorigin="anonymous" media="all" rel="stylesheet" data-href="https://github.githubassets.com/assets/light_high_contrast-83beb16e0ecf.css" /><link data-color-theme="light_colorblind" crossorigin="anonymous" media="all" rel="stylesheet" data-href="https://github.githubassets.com/assets/light_colorblind-f91b0f603451.css" /><link data-color-theme="light_colorblind_high_contrast" crossorigin="anonymous" media="all" rel="stylesheet" data-href="https://github.githubassets.com/assets/light_colorblind_high_contrast-5aebfa54b215.css" /><link data-color-theme="light_tritanopia" crossorigin="anonymous" media="all" rel="stylesheet" data-href="https://github.githubassets.com/assets/light_tritanopia-6e122dab64fc.css" /><link data-color-theme="light_tritanopia_high_contrast" crossorigin="anonymous" media="all" rel="stylesheet" data-href="https://github.githubassets.com/assets/light_tritanopia_high_contrast-b32664e28b79.css" /><link data-color-theme="dark" crossorigin="anonymous" media="all" rel="stylesheet" data-href="https://github.githubassets.com/assets/dark-8a995f0bacd4.css" /><link data-color-theme="dark_high_contrast" crossorigin="anonymous" media="all" rel="stylesheet" data-href="https://github.githubassets.com/assets/dark_high_contrast-9ac301c3ebe5.css" /><link data-color-theme="dark_colorblind" crossorigin="anonymous" media="all" rel="stylesheet" data-href="https://github.githubassets.com/assets/dark_colorblind-cd826e8636dc.css" /><link data-color-theme="dark_colorblind_high_contrast" crossorigin="anonymous" media="all" rel="stylesheet" data-href="https://github.githubassets.com/assets/dark_colorblind_high_contrast-131d53fe187c.css" /><link data-color-theme="dark_tritanopia" crossorigin="anonymous" media="all" rel="stylesheet" data-href="https://github.githubassets.com/assets/dark_tritanopia-18119e682df0.css" /><link data-color-theme="dark_tritanopia_high_contrast" crossorigin="anonymous" media="all" rel="stylesheet" data-href="https://github.githubassets.com/assets/dark_tritanopia_high_contrast-63c0358957ba.css" /><link data-color-theme="dark_dimmed" crossorigin="anonymous" media="all" rel="stylesheet" data-href="https://github.githubassets.com/assets/dark_dimmed-f37fb7684b1f.css" /><link data-color-theme="dark_dimmed_high_contrast" crossorigin="anonymous" media="all" rel="stylesheet" data-href="https://github.githubassets.com/assets/dark_dimmed_high_contrast-8f371c75debd.css" />

    <link crossorigin="anonymous" media="all" rel="stylesheet" href="https://github.githubassets.com/assets/primer-primitives-225433424a87.css" />
    <link crossorigin="anonymous" media="all" rel="stylesheet" href="https://github.githubassets.com/assets/primer-b8b91660c29d.css" />
    <link crossorigin="anonymous" media="all" rel="stylesheet" href="https://github.githubassets.com/assets/global-205098e9fedd.css" />
    <link crossorigin="anonymous" media="all" rel="stylesheet" href="https://github.githubassets.com/assets/github-fff2cf968baa.css" />
  <link crossorigin="anonymous" media="all" rel="stylesheet" href="https://github.githubassets.com/assets/repository-4fce88777fa8.css" />
<link crossorigin="anonymous" media="all" rel="stylesheet" href="https://github.githubassets.com/assets/code-177d21388df8.css" />

  


  <script type="application/json" id="client-env">{"locale":"en","featureFlags":["alternate_user_config_repo","api_insights_show_missing_data_banner","codespaces_prebuild_region_target_update","contentful_lp_flex_features_actions","contentful_lp_flex_features_code_review","contentful_lp_flex_features_code_search","contentful_lp_flex_features_codespaces","contentful_lp_flex_features_discussions","contentful_lp_flex_features_issues","contentful_lp_footnotes","copilot_chat_custom_instructions","copilot_chat_new_input","copilot_chat_repo_custom_instructions_preview","copilot_chat_vision_in_claude","copilot_chat_wholearea_dd","copilot_duplicate_thread","copilot_free_to_paid_telem","copilot_header_button_to_immersive","copilot_immersive_issue_preview","copilot_new_immersive_references_ui","copilot_no_floating_button","copilot_read_shared_conversation","copilot_scroll_container_query","copilot_showcase_icebreakers","copilot_task_oriented_assistive_prompts","copilot_topics_as_references","copilot_ui_refs","dependency_graph_allow_disable_on_public_repos","direct_to_salesforce","dotcom_chat_client_side_skills","fetch_nonce_headers","ghost_pilot_confidence_truncation_25","ghost_pilot_confidence_truncation_40","github_models_o3_mini_streaming","github_models_o3_streaming","insert_before_patch","issues_dashboard_no_redirects","issues_react_blur_item_picker_on_close","issues_react_create_issue_with_copilot_cta","issues_react_create_milestone","issues_react_dashboard_save_query_refresh","issues_react_prohibit_title_fallback","issues_react_remove_placeholders","lifecycle_label_name_updates","link_contact_sales_swp_marketo","marketing_pages_search_explore_provider","memex_mwl_filter_field_delimiter","nonreporting_relay_graphql_status_codes","primer_react_css_modules_ga","primer_react_select_panel_with_modern_action_list","remove_child_patch","sample_network_conn_type","site_msbuild_hide_integrations","site_msbuild_launch","site_msbuild_webgl_hero","site_proxima_australia_update","site_proxima_usa_update","skip_fetch_nonce_on_stale","swp_enterprise_contact_form","use_paginated_repo_picker_cost_center_form","viewscreen_sandbox"]}</script>
<script crossorigin="anonymous" defer="defer" type="application/javascript" src="https://github.githubassets.com/assets/wp-runtime-ee448967731e.js"></script>
<script crossorigin="anonymous" defer="defer" type="application/javascript" src="https://github.githubassets.com/assets/vendors-node_modules_oddbird_popover-polyfill_dist_popover-fn_js-81211bd82278.js"></script>
<script crossorigin="anonymous" defer="defer" type="application/javascript" src="https://github.githubassets.com/assets/vendors-node_modules_github_mini-throttle_dist_index_js-node_modules_stacktrace-parser_dist_s-1d3d52-4be8ffe9a34a.js"></script>
<script crossorigin="anonymous" defer="defer" type="application/javascript" src="https://github.githubassets.com/assets/ui_packages_failbot_failbot_ts-f0df83c858f4.js"></script>
<script crossorigin="anonymous" defer="defer" type="application/javascript" src="https://github.githubassets.com/assets/environment-a716c7f5f5fc.js"></script>
<script crossorigin="anonymous" defer="defer" type="application/javascript" src="https://github.githubassets.com/assets/vendors-node_modules_primer_behaviors_dist_esm_index_mjs-0dbb79f97f8f.js"></script>
<script crossorigin="anonymous" defer="defer" type="application/javascript" src="https://github.githubassets.com/assets/vendors-node_modules_github_selector-observer_dist_index_esm_js-f690fd9ae3d5.js"></script>
<script crossorigin="anonymous" defer="defer" type="application/javascript" src="https://github.githubassets.com/assets/vendors-node_modules_github_relative-time-element_dist_index_js-fd884d19bf73.js"></script>
<script crossorigin="anonymous" defer="defer" type="application/javascript" src="https://github.githubassets.com/assets/vendors-node_modules_github_text-expander-element_dist_index_js-78748950cb0c.js"></script>
<script crossorigin="anonymous" defer="defer" type="application/javascript" src="https://github.githubassets.com/assets/vendors-node_modules_github_auto-complete-element_dist_index_js-node_modules_github_catalyst_-8e9f78-a90ac05d2469.js"></script>
<script crossorigin="anonymous" defer="defer" type="application/javascript" src="https://github.githubassets.com/assets/vendors-node_modules_github_filter-input-element_dist_index_js-node_modules_github_remote-inp-d8c643-f5192902810f.js"></script>
<script crossorigin="anonymous" defer="defer" type="application/javascript" src="https://github.githubassets.com/assets/vendors-node_modules_github_markdown-toolbar-element_dist_index_js-ceef33f593fa.js"></script>
<script crossorigin="anonymous" defer="defer" type="application/javascript" src="https://github.githubassets.com/assets/vendors-node_modules_github_mini-throttle_dist_index_js-node_modules_github_combobox-nav_dist-97536f-0a0158d4c78e.js"></script>
<script crossorigin="anonymous" defer="defer" type="application/javascript" src="https://github.githubassets.com/assets/vendors-node_modules_github_file-attachment-element_dist_index_js-node_modules_primer_view-co-63644b-651d754865e9.js"></script>
<script crossorigin="anonymous" defer="defer" type="application/javascript" src="https://github.githubassets.com/assets/github-elements-186b9d1e2d08.js"></script>
<script crossorigin="anonymous" defer="defer" type="application/javascript" src="https://github.githubassets.com/assets/element-registry-759bd527e556.js"></script>
<script crossorigin="anonymous" defer="defer" type="application/javascript" src="https://github.githubassets.com/assets/vendors-node_modules_braintree_browser-detection_dist_browser-detection_js-node_modules_githu-bb80ec-72267f4e3ff9.js"></script>
<script crossorigin="anonymous" defer="defer" type="application/javascript" src="https://github.githubassets.com/assets/vendors-node_modules_lit-html_lit-html_js-be8cb88f481b.js"></script>
<script crossorigin="anonymous" defer="defer" type="application/javascript" src="https://github.githubassets.com/assets/vendors-node_modules_morphdom_dist_morphdom-esm_js-0c08218c7d5f.js"></script>
<script crossorigin="anonymous" defer="defer" type="application/javascript" src="https://github.githubassets.com/assets/vendors-node_modules_fzy_js_index_js-node_modules_github_paste-markdown_dist_index_js-6c00013a3dc4.js"></script>
<script crossorigin="anonymous" defer="defer" type="application/javascript" src="https://github.githubassets.com/assets/vendors-node_modules_github_turbo_dist_turbo_es2017-esm_js-a03ee12d659a.js"></script>
<script crossorigin="anonymous" defer="defer" type="application/javascript" src="https://github.githubassets.com/assets/vendors-node_modules_github_remote-form_dist_index_js-node_modules_delegated-events_dist_inde-893f9f-b6294cf703b7.js"></script>
<script crossorigin="anonymous" defer="defer" type="application/javascript" src="https://github.githubassets.com/assets/vendors-node_modules_color-convert_index_js-e3180fe3bcb3.js"></script>
<script crossorigin="anonymous" defer="defer" type="application/javascript" src="https://github.githubassets.com/assets/vendors-node_modules_github_quote-selection_dist_index_js-node_modules_github_session-resume_-c1aa61-97c8ff49bc41.js"></script>
<script crossorigin="anonymous" defer="defer" type="application/javascript" src="https://github.githubassets.com/assets/ui_packages_updatable-content_updatable-content_ts-4d347b70c46b.js"></script>
<script crossorigin="anonymous" defer="defer" type="application/javascript" src="https://github.githubassets.com/assets/app_assets_modules_github_behaviors_task-list_ts-app_assets_modules_github_sso_ts-ui_packages-900dde-3698efeb8cb4.js"></script>
<script crossorigin="anonymous" defer="defer" type="application/javascript" src="https://github.githubassets.com/assets/app_assets_modules_github_sticky-scroll-into-view_ts-3e000c5d31a9.js"></script>
<script crossorigin="anonymous" defer="defer" type="application/javascript" src="https://github.githubassets.com/assets/app_assets_modules_github_behaviors_ajax-error_ts-app_assets_modules_github_behaviors_include-d0d0a6-7cc66dc86dd7.js"></script>
<script crossorigin="anonymous" defer="defer" type="application/javascript" src="https://github.githubassets.com/assets/app_assets_modules_github_behaviors_commenting_edit_ts-app_assets_modules_github_behaviors_ht-83c235-ce8979e4f922.js"></script>
<script crossorigin="anonymous" defer="defer" type="application/javascript" src="https://github.githubassets.com/assets/behaviors-e26387c3af09.js"></script>
<script crossorigin="anonymous" defer="defer" type="application/javascript" src="https://github.githubassets.com/assets/vendors-node_modules_delegated-events_dist_index_js-node_modules_github_catalyst_lib_index_js-ea8eaa-ae0dbe787ad8.js"></script>
<script crossorigin="anonymous" defer="defer" type="application/javascript" src="https://github.githubassets.com/assets/notifications-global-37895ab211f0.js"></script>
<script crossorigin="anonymous" defer="defer" type="application/javascript" src="https://github.githubassets.com/assets/vendors-node_modules_github_mini-throttle_dist_index_js-node_modules_github_catalyst_lib_inde-dbbea9-4adcaf6c1c40.js"></script>
<script crossorigin="anonymous" defer="defer" type="application/javascript" src="https://github.githubassets.com/assets/code-menu-906f56af9b01.js"></script>
  
  <script crossorigin="anonymous" defer="defer" type="application/javascript" src="https://github.githubassets.com/assets/primer-react-5c26f1a581a7.js"></script>
<script crossorigin="anonymous" defer="defer" type="application/javascript" src="https://github.githubassets.com/assets/react-core-5998bec3d668.js"></script>
<script crossorigin="anonymous" defer="defer" type="application/javascript" src="https://github.githubassets.com/assets/react-lib-80430c87778a.js"></script>
<script crossorigin="anonymous" defer="defer" type="application/javascript" src="https://github.githubassets.com/assets/octicons-react-cf2f2ab8dab4.js"></script>
<script crossorigin="anonymous" defer="defer" type="application/javascript" src="https://github.githubassets.com/assets/vendors-node_modules_emotion_is-prop-valid_dist_emotion-is-prop-valid_esm_js-node_modules_emo-b1c483-30bc59af3a76.js"></script>
<script crossorigin="anonymous" defer="defer" type="application/javascript" src="https://github.githubassets.com/assets/vendors-node_modules_github_catalyst_lib_index_js-node_modules_primer_live-region-element_dis-b2aea6-22827f205bdc.js"></script>
<script crossorigin="anonymous" defer="defer" type="application/javascript" src="https://github.githubassets.com/assets/vendors-node_modules_dompurify_dist_purify_es_mjs-dd1d3ea6a436.js"></script>
<script crossorigin="anonymous" defer="defer" type="application/javascript" src="https://github.githubassets.com/assets/vendors-node_modules_lodash-es__Stack_js-node_modules_lodash-es__Uint8Array_js-node_modules_l-4faaa6-4a736fde5c2f.js"></script>
<script crossorigin="anonymous" defer="defer" type="application/javascript" src="https://github.githubassets.com/assets/vendors-node_modules_lodash-es_isEqual_js-92a85ab8c568.js"></script>
<script crossorigin="anonymous" defer="defer" type="application/javascript" src="https://github.githubassets.com/assets/vendors-node_modules_tanstack_react-virtual_dist_esm_index_js-node_modules_react-virtual_dist-19a6be-f0cf337af5df.js"></script>
<script crossorigin="anonymous" defer="defer" type="application/javascript" src="https://github.githubassets.com/assets/vendors-node_modules_focus-visible_dist_focus-visible_js-node_modules_github_hydro-analytics--e21ffd-3c9d2ac3e1ad.js"></script>
<script crossorigin="anonymous" defer="defer" type="application/javascript" src="https://github.githubassets.com/assets/vendors-node_modules_fzy_js_index_js-node_modules_react-reverse-portal_dist_web_index_js-node-e0551b-12901247dcff.js"></script>
<script crossorigin="anonymous" defer="defer" type="application/javascript" src="https://github.githubassets.com/assets/ui_packages_document-metadata_document-metadata_ts-ui_packages_history_history_ts-ui_packages-417c81-50b9bb07478c.js"></script>
<script crossorigin="anonymous" defer="defer" type="application/javascript" src="https://github.githubassets.com/assets/ui_packages_paths_index_ts-3d2b07827323.js"></script>
<script crossorigin="anonymous" defer="defer" type="application/javascript" src="https://github.githubassets.com/assets/ui_packages_ref-selector_RefSelector_tsx-cd14487ff967.js"></script>
<script crossorigin="anonymous" defer="defer" type="application/javascript" src="https://github.githubassets.com/assets/ui_packages_commit-attribution_index_ts-ui_packages_commit-checks-status_index_ts-ui_packages-762eaa-b9321ed019f0.js"></script>
<script crossorigin="anonymous" defer="defer" type="application/javascript" src="https://github.githubassets.com/assets/ui_packages_app-uuid_app-uuid_ts-ui_packages_repos-file-tree-view_repos-file-tree-view_ts-acb76803774f.js"></script>
<script crossorigin="anonymous" defer="defer" type="application/javascript" src="https://github.githubassets.com/assets/ui_packages_hydro-analytics_hydro-analytics_ts-ui_packages_use-client-value_use-client-value_-6f712e-582584f4a4f0.js"></script>
<script crossorigin="anonymous" defer="defer" type="application/javascript" src="https://github.githubassets.com/assets/ui_packages_code-view-shared_hooks_use-canonical-object_ts-ui_packages_code-view-shared_hooks-7b64b1-e9366a95354b.js"></script>
<script crossorigin="anonymous" defer="defer" type="application/javascript" src="https://github.githubassets.com/assets/app_assets_modules_github_blob-anchor_ts-ui_packages_code-nav_code-nav_ts-ui_packages_filter--8253c1-91468a3354f9.js"></script>
<script crossorigin="anonymous" defer="defer" type="application/javascript" src="https://github.githubassets.com/assets/react-code-view-7d128426e124.js"></script>
<link crossorigin="anonymous" media="all" rel="stylesheet" href="https://github.githubassets.com/assets/primer-react.4b709a7d3ff2555208b1.module.css" />
<link crossorigin="anonymous" media="all" rel="stylesheet" href="https://github.githubassets.com/assets/react-code-view.304141ebc07a046c05cd.module.css" />

  <script crossorigin="anonymous" defer="defer" type="application/javascript" src="https://github.githubassets.com/assets/notifications-subscriptions-menu-daeacf6d7e06.js"></script>
<link crossorigin="anonymous" media="all" rel="stylesheet" href="https://github.githubassets.com/assets/primer-react.4b709a7d3ff2555208b1.module.css" />
<link crossorigin="anonymous" media="all" rel="stylesheet" href="https://github.githubassets.com/assets/notifications-subscriptions-menu.e5e6e593370c808590a5.module.css" />


  <title>VIBRANT/files/VIBRANT_AMGs.tsv at master · AnantharamanLab/VIBRANT · GitHub</title>



  <meta name="route-pattern" content="/:user_id/:repository/blob/*name(/*path)" data-turbo-transient>
  <meta name="route-controller" content="blob" data-turbo-transient>
  <meta name="route-action" content="show" data-turbo-transient>
  <meta name="fetch-nonce" content="v2:132527ca-01ca-026c-08c6-efadab895923">

    
  <meta name="current-catalog-service-hash" content="f3abb0cc802f3d7b95fc8762b94bdcb13bf39634c40c357301c4aa1d67a256fb">


  <meta name="request-id" content="9760:3B5252:21ECAC42:22E8C682:682ECC27" data-pjax-transient="true"/><meta name="html-safe-nonce" content="c544f5d509446e35c6effc2de57ffbb4f269a4a0c5f0a755e693b7ec6d169082" data-pjax-transient="true"/><meta name="visitor-payload" content="eyJyZWZlcnJlciI6IiIsInJlcXVlc3RfaWQiOiI5NzYwOjNCNTI1MjoyMUVDQUM0MjoyMkU4QzY4Mjo2ODJFQ0MyNyIsInZpc2l0b3JfaWQiOiI0MzkxNTk4OTQyMzA2ODgwNTUxIiwicmVnaW9uX2VkZ2UiOiJmcmEiLCJyZWdpb25fcmVuZGVyIjoiZnJhIn0=" data-pjax-transient="true"/><meta name="visitor-hmac" content="701a6fac87326834b8c3fec840c66e470a54800371612d71b518462271dec316" data-pjax-transient="true"/>


    <meta name="hovercard-subject-tag" content="repository:213996807" data-turbo-transient>


  <meta name="github-keyboard-shortcuts" content="repository,source-code,file-tree,copilot" data-turbo-transient="true" />
  

  <meta name="selected-link" value="repo_source" data-turbo-transient>
  <link rel="assets" href="https://github.githubassets.com/">

    <meta name="google-site-verification" content="Apib7-x98H0j5cPqHWwSMm6dNU4GmODRoqxLiDzdx9I">

<meta name="octolytics-url" content="https://collector.github.com/github/collect" />

  <meta name="analytics-location" content="/&lt;user-name&gt;/&lt;repo-name&gt;/blob/show" data-turbo-transient="true" />

  




    <meta name="user-login" content="">

  

    <meta name="viewport" content="width=device-width">

    

      <meta name="description" content="Virus Identification By iteRative ANnoTation. Contribute to AnantharamanLab/VIBRANT development by creating an account on GitHub.">

      <link rel="search" type="application/opensearchdescription+xml" href="/opensearch.xml" title="GitHub">

    <link rel="fluid-icon" href="https://github.com/fluidicon.png" title="GitHub">
    <meta property="fb:app_id" content="1401488693436528">
    <meta name="apple-itunes-app" content="app-id=1477376905, app-argument=https://github.com/AnantharamanLab/VIBRANT/blob/master/files/VIBRANT_AMGs.tsv" />

      <meta name="twitter:image" content="https://opengraph.githubassets.com/18917e38926895c4802144a5df86f6fa7bcc1634c09aec53633746c81c9328e9/AnantharamanLab/VIBRANT" /><meta name="twitter:site" content="@github" /><meta name="twitter:card" content="summary_large_image" /><meta name="twitter:title" content="VIBRANT/files/VIBRANT_AMGs.tsv at master · AnantharamanLab/VIBRANT" /><meta name="twitter:description" content="Virus Identification By iteRative ANnoTation. Contribute to AnantharamanLab/VIBRANT development by creating an account on GitHub." />
  <meta property="og:image" content="https://opengraph.githubassets.com/18917e38926895c4802144a5df86f6fa7bcc1634c09aec53633746c81c9328e9/AnantharamanLab/VIBRANT" /><meta property="og:image:alt" content="Virus Identification By iteRative ANnoTation. Contribute to AnantharamanLab/VIBRANT development by creating an account on GitHub." /><meta property="og:image:width" content="1200" /><meta property="og:image:height" content="600" /><meta property="og:site_name" content="GitHub" /><meta property="og:type" content="object" /><meta property="og:title" content="VIBRANT/files/VIBRANT_AMGs.tsv at master · AnantharamanLab/VIBRANT" /><meta property="og:url" content="https://github.com/AnantharamanLab/VIBRANT/blob/master/files/VIBRANT_AMGs.tsv" /><meta property="og:description" content="Virus Identification By iteRative ANnoTation. Contribute to AnantharamanLab/VIBRANT development by creating an account on GitHub." />
  




      <meta name="hostname" content="github.com">



        <meta name="expected-hostname" content="github.com">


  <meta http-equiv="x-pjax-version" content="8e7b8482a91df47c2d6b9221582b432c5df87acf46e2055745b48a22f9a73929" data-turbo-track="reload">
  <meta http-equiv="x-pjax-csp-version" content="352e51c42d5f5727a7c545752bf34d1f83f40219e7036c6959817149a51651bc" data-turbo-track="reload">
  <meta http-equiv="x-pjax-css-version" content="5ffcd67be884ad5021312047484c003ea79998de4079d02ab211ed967dde8977" data-turbo-track="reload">
  <meta http-equiv="x-pjax-js-version" content="391fa9197a9519d7f81ea4e77e88847845eaee9d7eb860c8cf2c7122790aa561" data-turbo-track="reload">

  <meta name="turbo-cache-control" content="no-preview" data-turbo-transient="">

      <meta name="turbo-cache-control" content="no-cache" data-turbo-transient>

    <meta data-hydrostats="publish">
  <meta name="go-import" content="github.com/AnantharamanLab/VIBRANT git https://github.com/AnantharamanLab/VIBRANT.git">

  <meta name="octolytics-dimension-user_id" content="47664496" /><meta name="octolytics-dimension-user_login" content="AnantharamanLab" /><meta name="octolytics-dimension-repository_id" content="213996807" /><meta name="octolytics-dimension-repository_nwo" content="AnantharamanLab/VIBRANT" /><meta name="octolytics-dimension-repository_public" content="true" /><meta name="octolytics-dimension-repository_is_fork" content="false" /><meta name="octolytics-dimension-repository_network_root_id" content="213996807" /><meta name="octolytics-dimension-repository_network_root_nwo" content="AnantharamanLab/VIBRANT" />



    

    <meta name="turbo-body-classes" content="logged-out env-production page-responsive">


  <meta name="browser-stats-url" content="https://api.github.com/_private/browser/stats">

  <meta name="browser-errors-url" content="https://api.github.com/_private/browser/errors">

  <meta name="release" content="2af4408443489cfd9cd079b5f591e211edddbfc3">

  <link rel="mask-icon" href="https://github.githubassets.com/assets/pinned-octocat-093da3e6fa40.svg" color="#000000">
  <link rel="alternate icon" class="js-site-favicon" type="image/png" href="https://github.githubassets.com/favicons/favicon.png">
  <link rel="icon" class="js-site-favicon" type="image/svg+xml" href="https://github.githubassets.com/favicons/favicon.svg" data-base-href="https://github.githubassets.com/favicons/favicon">

<meta name="theme-color" content="#1e2327">
<meta name="color-scheme" content="light dark" />


  <link rel="manifest" href="/manifest.json" crossOrigin="use-credentials">

  </head>

  <body class="logged-out env-production page-responsive" style="word-wrap: break-word;">
    <div data-turbo-body class="logged-out env-production page-responsive" style="word-wrap: break-word;">
      



    <div class="position-relative header-wrapper js-header-wrapper ">
      <a href="#start-of-content" data-skip-target-assigned="false" class="px-2 py-4 color-bg-accent-emphasis color-fg-on-emphasis show-on-focus js-skip-to-content">Skip to content</a>

      <span data-view-component="true" class="progress-pjax-loader Progress position-fixed width-full">
    <span style="width: 0%;" data-view-component="true" class="Progress-item progress-pjax-loader-bar left-0 top-0 color-bg-accent-emphasis"></span>
</span>      
      
      <script crossorigin="anonymous" defer="defer" type="application/javascript" src="https://github.githubassets.com/assets/ui_packages_ui-commands_ui-commands_ts-b6c29a06022a.js"></script>
<script crossorigin="anonymous" defer="defer" type="application/javascript" src="https://github.githubassets.com/assets/keyboard-shortcuts-dialog-1d64bd0e7fba.js"></script>
<link crossorigin="anonymous" media="all" rel="stylesheet" href="https://github.githubassets.com/assets/primer-react.4b709a7d3ff2555208b1.module.css" />
<link crossorigin="anonymous" media="all" rel="stylesheet" href="https://github.githubassets.com/assets/keyboard-shortcuts-dialog.5ceec1906cd0f2746d34.module.css" />

<react-partial
  partial-name="keyboard-shortcuts-dialog"
  data-ssr="false"
  data-attempted-ssr="false"
>
  
  <script type="application/json" data-target="react-partial.embeddedData">{"props":{"docsUrl":"https://docs.github.com/get-started/accessibility/keyboard-shortcuts"}}</script>
  <div data-target="react-partial.reactRoot"></div>
</react-partial>




      

          

              
<script crossorigin="anonymous" defer="defer" type="application/javascript" src="https://github.githubassets.com/assets/vendors-node_modules_github_remote-form_dist_index_js-node_modules_delegated-events_dist_inde-94fd67-e789af5a4655.js"></script>
<script crossorigin="anonymous" defer="defer" type="application/javascript" src="https://github.githubassets.com/assets/sessions-87addb4e468e.js"></script>
<header class="HeaderMktg header-logged-out js-details-container js-header Details f4 py-3" role="banner" data-is-top="true" data-color-mode=light data-light-theme=light data-dark-theme=dark>
  <h2 class="sr-only">Navigation Menu</h2>

  <button type="button" class="HeaderMktg-backdrop d-lg-none border-0 position-fixed top-0 left-0 width-full height-full js-details-target" aria-label="Toggle navigation">
    <span class="d-none">Toggle navigation</span>
  </button>

  <div class="d-flex flex-column flex-lg-row flex-items-center px-3 px-md-4 px-lg-5 height-full position-relative z-1">
    <div class="d-flex flex-justify-between flex-items-center width-full width-lg-auto">
      <div class="flex-1">
        <button aria-label="Toggle navigation" aria-expanded="false" type="button" data-view-component="true" class="js-details-target js-nav-padding-recalculate js-header-menu-toggle Button--link Button--medium Button d-lg-none color-fg-inherit p-1">  <span class="Button-content">
    <span class="Button-label"><div class="HeaderMenu-toggle-bar rounded my-1"></div>
            <div class="HeaderMenu-toggle-bar rounded my-1"></div>
            <div class="HeaderMenu-toggle-bar rounded my-1"></div></span>
  </span>
</button>
      </div>

      <a class="mr-lg-3 color-fg-inherit flex-order-2 js-prevent-focus-on-mobile-nav"
        href="/"
        aria-label="Homepage"
        data-analytics-event="{&quot;category&quot;:&quot;Marketing nav&quot;,&quot;action&quot;:&quot;click to go to homepage&quot;,&quot;label&quot;:&quot;ref_page:Marketing;ref_cta:Logomark;ref_loc:Header&quot;}">
        <svg height="32" aria-hidden="true" viewBox="0 0 24 24" version="1.1" width="32" data-view-component="true" class="octicon octicon-mark-github">
    <path d="M12 1C5.9225 1 1 5.9225 1 12C1 16.8675 4.14875 20.9787 8.52125 22.4362C9.07125 22.5325 9.2775 22.2025 9.2775 21.9137C9.2775 21.6525 9.26375 20.7862 9.26375 19.865C6.5 20.3737 5.785 19.1912 5.565 18.5725C5.44125 18.2562 4.905 17.28 4.4375 17.0187C4.0525 16.8125 3.5025 16.3037 4.42375 16.29C5.29 16.2762 5.90875 17.0875 6.115 17.4175C7.105 19.0812 8.68625 18.6137 9.31875 18.325C9.415 17.61 9.70375 17.1287 10.02 16.8537C7.5725 16.5787 5.015 15.63 5.015 11.4225C5.015 10.2262 5.44125 9.23625 6.1425 8.46625C6.0325 8.19125 5.6475 7.06375 6.2525 5.55125C6.2525 5.55125 7.17375 5.2625 9.2775 6.67875C10.1575 6.43125 11.0925 6.3075 12.0275 6.3075C12.9625 6.3075 13.8975 6.43125 14.7775 6.67875C16.8813 5.24875 17.8025 5.55125 17.8025 5.55125C18.4075 7.06375 18.0225 8.19125 17.9125 8.46625C18.6138 9.23625 19.04 10.2125 19.04 11.4225C19.04 15.6437 16.4688 16.5787 14.0213 16.8537C14.42 17.1975 14.7638 17.8575 14.7638 18.8887C14.7638 20.36 14.75 21.5425 14.75 21.9137C14.75 22.2025 14.9563 22.5462 15.5063 22.4362C19.8513 20.9787 23 16.8537 23 12C23 5.9225 18.0775 1 12 1Z"></path>
</svg>
      </a>

      <div class="flex-1 flex-order-2 text-right">
          <a
            href="/login?return_to=https%3A%2F%2Fgithub.com%2FAnantharamanLab%2FVIBRANT%2Fblob%2Fmaster%2Ffiles%2FVIBRANT_AMGs.tsv"
            class="HeaderMenu-link HeaderMenu-button d-inline-flex d-lg-none flex-order-1 f5 no-underline border color-border-default rounded-2 px-2 py-1 color-fg-inherit js-prevent-focus-on-mobile-nav"
            data-hydro-click="{&quot;event_type&quot;:&quot;authentication.click&quot;,&quot;payload&quot;:{&quot;location_in_page&quot;:&quot;site header menu&quot;,&quot;repository_id&quot;:null,&quot;auth_type&quot;:&quot;SIGN_UP&quot;,&quot;originating_url&quot;:&quot;https://github.com/AnantharamanLab/VIBRANT/blob/master/files/VIBRANT_AMGs.tsv&quot;,&quot;user_id&quot;:null}}" data-hydro-click-hmac="49f72e10333001e5f3f51ceff06559764c13040d199c309c841e7d3b1f37358b"
            data-analytics-event="{&quot;category&quot;:&quot;Marketing nav&quot;,&quot;action&quot;:&quot;click to Sign in&quot;,&quot;label&quot;:&quot;ref_page:Marketing;ref_cta:Sign in;ref_loc:Header&quot;}"
          >
            Sign in
          </a>
      </div>
    </div>


    <div class="HeaderMenu js-header-menu height-fit position-lg-relative d-lg-flex flex-column flex-auto top-0">
      <div class="HeaderMenu-wrapper d-flex flex-column flex-self-start flex-lg-row flex-auto rounded rounded-lg-0">
          <nav class="HeaderMenu-nav" aria-label="Global">
            <ul class="d-lg-flex list-style-none">


                <li class="HeaderMenu-item position-relative flex-wrap flex-justify-between flex-items-center d-block d-lg-flex flex-lg-nowrap flex-lg-items-center js-details-container js-header-menu-item">
      <button type="button" class="HeaderMenu-link border-0 width-full width-lg-auto px-0 px-lg-2 py-lg-2 no-wrap d-flex flex-items-center flex-justify-between js-details-target" aria-expanded="false">
        Product
        <svg opacity="0.5" aria-hidden="true" height="16" viewBox="0 0 16 16" version="1.1" width="16" data-view-component="true" class="octicon octicon-chevron-down HeaderMenu-icon ml-1">
    <path d="M12.78 5.22a.749.749 0 0 1 0 1.06l-4.25 4.25a.749.749 0 0 1-1.06 0L3.22 6.28a.749.749 0 1 1 1.06-1.06L8 8.939l3.72-3.719a.749.749 0 0 1 1.06 0Z"></path>
</svg>
      </button>

      <div class="HeaderMenu-dropdown dropdown-menu rounded m-0 p-0 pt-2 pt-lg-4 position-relative position-lg-absolute left-0 left-lg-n3 pb-2 pb-lg-4 d-lg-flex flex-wrap dropdown-menu-wide">
          <div class="HeaderMenu-column px-lg-4 border-lg-right mb-4 mb-lg-0 pr-lg-7">
              <div class="border-bottom pb-3 pb-lg-0 border-lg-bottom-0">

                <ul class="list-style-none f5" >
                    <li>
  <a class="HeaderMenu-dropdown-link d-block no-underline position-relative py-2 Link--secondary d-flex flex-items-center Link--has-description pb-lg-3" data-analytics-event="{&quot;location&quot;:&quot;navbar&quot;,&quot;action&quot;:&quot;github_copilot&quot;,&quot;context&quot;:&quot;product&quot;,&quot;tag&quot;:&quot;link&quot;,&quot;label&quot;:&quot;github_copilot_link_product_navbar&quot;}" href="https://github.com/features/copilot">
      <svg aria-hidden="true" height="24" viewBox="0 0 24 24" version="1.1" width="24" data-view-component="true" class="octicon octicon-copilot color-fg-subtle mr-3">
    <path d="M23.922 16.992c-.861 1.495-5.859 5.023-11.922 5.023-6.063 0-11.061-3.528-11.922-5.023A.641.641 0 0 1 0 16.736v-2.869a.841.841 0 0 1 .053-.22c.372-.935 1.347-2.292 2.605-2.656.167-.429.414-1.055.644-1.517a10.195 10.195 0 0 1-.052-1.086c0-1.331.282-2.499 1.132-3.368.397-.406.89-.717 1.474-.952 1.399-1.136 3.392-2.093 6.122-2.093 2.731 0 4.767.957 6.166 2.093.584.235 1.077.546 1.474.952.85.869 1.132 2.037 1.132 3.368 0 .368-.014.733-.052 1.086.23.462.477 1.088.644 1.517 1.258.364 2.233 1.721 2.605 2.656a.832.832 0 0 1 .053.22v2.869a.641.641 0 0 1-.078.256ZM12.172 11h-.344a4.323 4.323 0 0 1-.355.508C10.703 12.455 9.555 13 7.965 13c-1.725 0-2.989-.359-3.782-1.259a2.005 2.005 0 0 1-.085-.104L4 11.741v6.585c1.435.779 4.514 2.179 8 2.179 3.486 0 6.565-1.4 8-2.179v-6.585l-.098-.104s-.033.045-.085.104c-.793.9-2.057 1.259-3.782 1.259-1.59 0-2.738-.545-3.508-1.492a4.323 4.323 0 0 1-.355-.508h-.016.016Zm.641-2.935c.136 1.057.403 1.913.878 2.497.442.544 1.134.938 2.344.938 1.573 0 2.292-.337 2.657-.751.384-.435.558-1.15.558-2.361 0-1.14-.243-1.847-.705-2.319-.477-.488-1.319-.862-2.824-1.025-1.487-.161-2.192.138-2.533.529-.269.307-.437.808-.438 1.578v.021c0 .265.021.562.063.893Zm-1.626 0c.042-.331.063-.628.063-.894v-.02c-.001-.77-.169-1.271-.438-1.578-.341-.391-1.046-.69-2.533-.529-1.505.163-2.347.537-2.824 1.025-.462.472-.705 1.179-.705 2.319 0 1.211.175 1.926.558 2.361.365.414 1.084.751 2.657.751 1.21 0 1.902-.394 2.344-.938.475-.584.742-1.44.878-2.497Z"></path><path d="M14.5 14.25a1 1 0 0 1 1 1v2a1 1 0 0 1-2 0v-2a1 1 0 0 1 1-1Zm-5 0a1 1 0 0 1 1 1v2a1 1 0 0 1-2 0v-2a1 1 0 0 1 1-1Z"></path>
</svg>
      <div>
          <div class="color-fg-default h4">
            GitHub Copilot
          </div>
        Write better code with AI
      </div>

    
</a></li>

                    <li>
  <a class="HeaderMenu-dropdown-link d-block no-underline position-relative py-2 Link--secondary d-flex flex-items-center Link--has-description pb-lg-3" data-analytics-event="{&quot;location&quot;:&quot;navbar&quot;,&quot;action&quot;:&quot;github_models&quot;,&quot;context&quot;:&quot;product&quot;,&quot;tag&quot;:&quot;link&quot;,&quot;label&quot;:&quot;github_models_link_product_navbar&quot;}" href="https://github.com/features/models">
      <svg aria-hidden="true" height="24" viewBox="0 0 24 24" version="1.1" width="24" data-view-component="true" class="octicon octicon-ai-model color-fg-subtle mr-3">
    <path d="M19.375 8.5a3.25 3.25 0 1 1-3.163 4h-3a3.252 3.252 0 0 1-4.443 2.509L7.214 17.76a3.25 3.25 0 1 1-1.342-.674l1.672-2.957A3.238 3.238 0 0 1 6.75 12c0-.907.371-1.727.97-2.316L6.117 6.846A3.253 3.253 0 0 1 1.875 3.75a3.25 3.25 0 1 1 5.526 2.32l1.603 2.836A3.25 3.25 0 0 1 13.093 11h3.119a3.252 3.252 0 0 1 3.163-2.5ZM10 10.25a1.75 1.75 0 1 0-.001 3.499A1.75 1.75 0 0 0 10 10.25ZM5.125 2a1.75 1.75 0 1 0 0 3.5 1.75 1.75 0 0 0 0-3.5Zm12.5 9.75a1.75 1.75 0 1 0 3.5 0 1.75 1.75 0 0 0-3.5 0Zm-14.25 8.5a1.75 1.75 0 1 0 3.501-.001 1.75 1.75 0 0 0-3.501.001Z"></path>
</svg>
      <div>
          <div class="color-fg-default h4">
            GitHub Models
              <span class="HeaderMenu-label">
                New
              </span>
          </div>
        Manage and compare prompts
      </div>

    
</a></li>

                    <li>
  <a class="HeaderMenu-dropdown-link d-block no-underline position-relative py-2 Link--secondary d-flex flex-items-center Link--has-description pb-lg-3" data-analytics-event="{&quot;location&quot;:&quot;navbar&quot;,&quot;action&quot;:&quot;github_advanced_security&quot;,&quot;context&quot;:&quot;product&quot;,&quot;tag&quot;:&quot;link&quot;,&quot;label&quot;:&quot;github_advanced_security_link_product_navbar&quot;}" href="https://github.com/security/advanced-security">
      <svg aria-hidden="true" height="24" viewBox="0 0 24 24" version="1.1" width="24" data-view-component="true" class="octicon octicon-shield-check color-fg-subtle mr-3">
    <path d="M16.53 9.78a.75.75 0 0 0-1.06-1.06L11 13.19l-1.97-1.97a.75.75 0 0 0-1.06 1.06l2.5 2.5a.75.75 0 0 0 1.06 0l5-5Z"></path><path d="m12.54.637 8.25 2.675A1.75 1.75 0 0 1 22 4.976V10c0 6.19-3.771 10.704-9.401 12.83a1.704 1.704 0 0 1-1.198 0C5.77 20.705 2 16.19 2 10V4.976c0-.758.489-1.43 1.21-1.664L11.46.637a1.748 1.748 0 0 1 1.08 0Zm-.617 1.426-8.25 2.676a.249.249 0 0 0-.173.237V10c0 5.46 3.28 9.483 8.43 11.426a.199.199 0 0 0 .14 0C17.22 19.483 20.5 15.461 20.5 10V4.976a.25.25 0 0 0-.173-.237l-8.25-2.676a.253.253 0 0 0-.154 0Z"></path>
</svg>
      <div>
          <div class="color-fg-default h4">
            GitHub Advanced Security
          </div>
        Find and fix vulnerabilities
      </div>

    
</a></li>

                    <li>
  <a class="HeaderMenu-dropdown-link d-block no-underline position-relative py-2 Link--secondary d-flex flex-items-center Link--has-description pb-lg-3" data-analytics-event="{&quot;location&quot;:&quot;navbar&quot;,&quot;action&quot;:&quot;actions&quot;,&quot;context&quot;:&quot;product&quot;,&quot;tag&quot;:&quot;link&quot;,&quot;label&quot;:&quot;actions_link_product_navbar&quot;}" href="https://github.com/features/actions">
      <svg aria-hidden="true" height="24" viewBox="0 0 24 24" version="1.1" width="24" data-view-component="true" class="octicon octicon-workflow color-fg-subtle mr-3">
    <path d="M1 3a2 2 0 0 1 2-2h6.5a2 2 0 0 1 2 2v6.5a2 2 0 0 1-2 2H7v4.063C7 16.355 7.644 17 8.438 17H12.5v-2.5a2 2 0 0 1 2-2H21a2 2 0 0 1 2 2V21a2 2 0 0 1-2 2h-6.5a2 2 0 0 1-2-2v-2.5H8.437A2.939 2.939 0 0 1 5.5 15.562V11.5H3a2 2 0 0 1-2-2Zm2-.5a.5.5 0 0 0-.5.5v6.5a.5.5 0 0 0 .5.5h6.5a.5.5 0 0 0 .5-.5V3a.5.5 0 0 0-.5-.5ZM14.5 14a.5.5 0 0 0-.5.5V21a.5.5 0 0 0 .5.5H21a.5.5 0 0 0 .5-.5v-6.5a.5.5 0 0 0-.5-.5Z"></path>
</svg>
      <div>
          <div class="color-fg-default h4">
            Actions
          </div>
        Automate any workflow
      </div>

    
</a></li>

                    <li>
  <a class="HeaderMenu-dropdown-link d-block no-underline position-relative py-2 Link--secondary d-flex flex-items-center Link--has-description" data-analytics-event="{&quot;location&quot;:&quot;navbar&quot;,&quot;action&quot;:&quot;codespaces&quot;,&quot;context&quot;:&quot;product&quot;,&quot;tag&quot;:&quot;link&quot;,&quot;label&quot;:&quot;codespaces_link_product_navbar&quot;}" href="https://github.com/features/codespaces">
      <svg aria-hidden="true" height="24" viewBox="0 0 24 24" version="1.1" width="24" data-view-component="true" class="octicon octicon-codespaces color-fg-subtle mr-3">
    <path d="M3.5 3.75C3.5 2.784 4.284 2 5.25 2h13.5c.966 0 1.75.784 1.75 1.75v7.5A1.75 1.75 0 0 1 18.75 13H5.25a1.75 1.75 0 0 1-1.75-1.75Zm-2 12c0-.966.784-1.75 1.75-1.75h17.5c.966 0 1.75.784 1.75 1.75v4a1.75 1.75 0 0 1-1.75 1.75H3.25a1.75 1.75 0 0 1-1.75-1.75ZM5.25 3.5a.25.25 0 0 0-.25.25v7.5c0 .138.112.25.25.25h13.5a.25.25 0 0 0 .25-.25v-7.5a.25.25 0 0 0-.25-.25Zm-2 12a.25.25 0 0 0-.25.25v4c0 .138.112.25.25.25h17.5a.25.25 0 0 0 .25-.25v-4a.25.25 0 0 0-.25-.25Z"></path><path d="M10 17.75a.75.75 0 0 1 .75-.75h6.5a.75.75 0 0 1 0 1.5h-6.5a.75.75 0 0 1-.75-.75Zm-4 0a.75.75 0 0 1 .75-.75h.5a.75.75 0 0 1 0 1.5h-.5a.75.75 0 0 1-.75-.75Z"></path>
</svg>
      <div>
          <div class="color-fg-default h4">
            Codespaces
          </div>
        Instant dev environments
      </div>

    
</a></li>

                </ul>
              </div>
          </div>
          <div class="HeaderMenu-column px-lg-4 border-lg-right mb-4 mb-lg-0 pr-lg-7">
              <div class="border-bottom pb-3 pb-lg-0 border-lg-bottom-0">

                <ul class="list-style-none f5" >
                    <li>
  <a class="HeaderMenu-dropdown-link d-block no-underline position-relative py-2 Link--secondary d-flex flex-items-center Link--has-description pb-lg-3" data-analytics-event="{&quot;location&quot;:&quot;navbar&quot;,&quot;action&quot;:&quot;issues&quot;,&quot;context&quot;:&quot;product&quot;,&quot;tag&quot;:&quot;link&quot;,&quot;label&quot;:&quot;issues_link_product_navbar&quot;}" href="https://github.com/features/issues">
      <svg aria-hidden="true" height="24" viewBox="0 0 24 24" version="1.1" width="24" data-view-component="true" class="octicon octicon-issue-opened color-fg-subtle mr-3">
    <path d="M12 1c6.075 0 11 4.925 11 11s-4.925 11-11 11S1 18.075 1 12 5.925 1 12 1ZM2.5 12a9.5 9.5 0 0 0 9.5 9.5 9.5 9.5 0 0 0 9.5-9.5A9.5 9.5 0 0 0 12 2.5 9.5 9.5 0 0 0 2.5 12Zm9.5 2a2 2 0 1 1-.001-3.999A2 2 0 0 1 12 14Z"></path>
</svg>
      <div>
          <div class="color-fg-default h4">
            Issues
          </div>
        Plan and track work
      </div>

    
</a></li>

                    <li>
  <a class="HeaderMenu-dropdown-link d-block no-underline position-relative py-2 Link--secondary d-flex flex-items-center Link--has-description pb-lg-3" data-analytics-event="{&quot;location&quot;:&quot;navbar&quot;,&quot;action&quot;:&quot;code_review&quot;,&quot;context&quot;:&quot;product&quot;,&quot;tag&quot;:&quot;link&quot;,&quot;label&quot;:&quot;code_review_link_product_navbar&quot;}" href="https://github.com/features/code-review">
      <svg aria-hidden="true" height="24" viewBox="0 0 24 24" version="1.1" width="24" data-view-component="true" class="octicon octicon-code-review color-fg-subtle mr-3">
    <path d="M10.3 6.74a.75.75 0 0 1-.04 1.06l-2.908 2.7 2.908 2.7a.75.75 0 1 1-1.02 1.1l-3.5-3.25a.75.75 0 0 1 0-1.1l3.5-3.25a.75.75 0 0 1 1.06.04Zm3.44 1.06a.75.75 0 1 1 1.02-1.1l3.5 3.25a.75.75 0 0 1 0 1.1l-3.5 3.25a.75.75 0 1 1-1.02-1.1l2.908-2.7-2.908-2.7Z"></path><path d="M1.5 4.25c0-.966.784-1.75 1.75-1.75h17.5c.966 0 1.75.784 1.75 1.75v12.5a1.75 1.75 0 0 1-1.75 1.75h-9.69l-3.573 3.573A1.458 1.458 0 0 1 5 21.043V18.5H3.25a1.75 1.75 0 0 1-1.75-1.75ZM3.25 4a.25.25 0 0 0-.25.25v12.5c0 .138.112.25.25.25h2.5a.75.75 0 0 1 .75.75v3.19l3.72-3.72a.749.749 0 0 1 .53-.22h10a.25.25 0 0 0 .25-.25V4.25a.25.25 0 0 0-.25-.25Z"></path>
</svg>
      <div>
          <div class="color-fg-default h4">
            Code Review
          </div>
        Manage code changes
      </div>

    
</a></li>

                    <li>
  <a class="HeaderMenu-dropdown-link d-block no-underline position-relative py-2 Link--secondary d-flex flex-items-center Link--has-description pb-lg-3" data-analytics-event="{&quot;location&quot;:&quot;navbar&quot;,&quot;action&quot;:&quot;discussions&quot;,&quot;context&quot;:&quot;product&quot;,&quot;tag&quot;:&quot;link&quot;,&quot;label&quot;:&quot;discussions_link_product_navbar&quot;}" href="https://github.com/features/discussions">
      <svg aria-hidden="true" height="24" viewBox="0 0 24 24" version="1.1" width="24" data-view-component="true" class="octicon octicon-comment-discussion color-fg-subtle mr-3">
    <path d="M1.75 1h12.5c.966 0 1.75.784 1.75 1.75v9.5A1.75 1.75 0 0 1 14.25 14H8.061l-2.574 2.573A1.458 1.458 0 0 1 3 15.543V14H1.75A1.75 1.75 0 0 1 0 12.25v-9.5C0 1.784.784 1 1.75 1ZM1.5 2.75v9.5c0 .138.112.25.25.25h2a.75.75 0 0 1 .75.75v2.19l2.72-2.72a.749.749 0 0 1 .53-.22h6.5a.25.25 0 0 0 .25-.25v-9.5a.25.25 0 0 0-.25-.25H1.75a.25.25 0 0 0-.25.25Z"></path><path d="M22.5 8.75a.25.25 0 0 0-.25-.25h-3.5a.75.75 0 0 1 0-1.5h3.5c.966 0 1.75.784 1.75 1.75v9.5A1.75 1.75 0 0 1 22.25 20H21v1.543a1.457 1.457 0 0 1-2.487 1.03L15.939 20H10.75A1.75 1.75 0 0 1 9 18.25v-1.465a.75.75 0 0 1 1.5 0v1.465c0 .138.112.25.25.25h5.5a.75.75 0 0 1 .53.22l2.72 2.72v-2.19a.75.75 0 0 1 .75-.75h2a.25.25 0 0 0 .25-.25v-9.5Z"></path>
</svg>
      <div>
          <div class="color-fg-default h4">
            Discussions
          </div>
        Collaborate outside of code
      </div>

    
</a></li>

                    <li>
  <a class="HeaderMenu-dropdown-link d-block no-underline position-relative py-2 Link--secondary d-flex flex-items-center Link--has-description" data-analytics-event="{&quot;location&quot;:&quot;navbar&quot;,&quot;action&quot;:&quot;code_search&quot;,&quot;context&quot;:&quot;product&quot;,&quot;tag&quot;:&quot;link&quot;,&quot;label&quot;:&quot;code_search_link_product_navbar&quot;}" href="https://github.com/features/code-search">
      <svg aria-hidden="true" height="24" viewBox="0 0 24 24" version="1.1" width="24" data-view-component="true" class="octicon octicon-code-square color-fg-subtle mr-3">
    <path d="M10.3 8.24a.75.75 0 0 1-.04 1.06L7.352 12l2.908 2.7a.75.75 0 1 1-1.02 1.1l-3.5-3.25a.75.75 0 0 1 0-1.1l3.5-3.25a.75.75 0 0 1 1.06.04Zm3.44 1.06a.75.75 0 1 1 1.02-1.1l3.5 3.25a.75.75 0 0 1 0 1.1l-3.5 3.25a.75.75 0 1 1-1.02-1.1l2.908-2.7-2.908-2.7Z"></path><path d="M2 3.75C2 2.784 2.784 2 3.75 2h16.5c.966 0 1.75.784 1.75 1.75v16.5A1.75 1.75 0 0 1 20.25 22H3.75A1.75 1.75 0 0 1 2 20.25Zm1.75-.25a.25.25 0 0 0-.25.25v16.5c0 .138.112.25.25.25h16.5a.25.25 0 0 0 .25-.25V3.75a.25.25 0 0 0-.25-.25Z"></path>
</svg>
      <div>
          <div class="color-fg-default h4">
            Code Search
          </div>
        Find more, search less
      </div>

    
</a></li>

                </ul>
              </div>
          </div>
          <div class="HeaderMenu-column px-lg-4">
              <div class="border-bottom pb-3 pb-lg-0 border-lg-bottom-0 border-bottom-0">
                    <span class="d-block h4 color-fg-default my-1" id="product-explore-heading">Explore</span>

                <ul class="list-style-none f5" aria-labelledby="product-explore-heading">
                    <li>
  <a class="HeaderMenu-dropdown-link d-block no-underline position-relative py-2 Link--secondary" data-analytics-event="{&quot;location&quot;:&quot;navbar&quot;,&quot;action&quot;:&quot;why_github&quot;,&quot;context&quot;:&quot;product&quot;,&quot;tag&quot;:&quot;link&quot;,&quot;label&quot;:&quot;why_github_link_product_navbar&quot;}" href="https://github.com/why-github">
      Why GitHub

    
</a></li>

                    <li>
  <a class="HeaderMenu-dropdown-link d-block no-underline position-relative py-2 Link--secondary" data-analytics-event="{&quot;location&quot;:&quot;navbar&quot;,&quot;action&quot;:&quot;all_features&quot;,&quot;context&quot;:&quot;product&quot;,&quot;tag&quot;:&quot;link&quot;,&quot;label&quot;:&quot;all_features_link_product_navbar&quot;}" href="https://github.com/features">
      All features

    
</a></li>

                    <li>
  <a class="HeaderMenu-dropdown-link d-block no-underline position-relative py-2 Link--secondary Link--external" target="_blank" data-analytics-event="{&quot;location&quot;:&quot;navbar&quot;,&quot;action&quot;:&quot;documentation&quot;,&quot;context&quot;:&quot;product&quot;,&quot;tag&quot;:&quot;link&quot;,&quot;label&quot;:&quot;documentation_link_product_navbar&quot;}" href="https://docs.github.com">
      Documentation

    <svg aria-hidden="true" height="16" viewBox="0 0 16 16" version="1.1" width="16" data-view-component="true" class="octicon octicon-link-external HeaderMenu-external-icon color-fg-subtle">
    <path d="M3.75 2h3.5a.75.75 0 0 1 0 1.5h-3.5a.25.25 0 0 0-.25.25v8.5c0 .138.112.25.25.25h8.5a.25.25 0 0 0 .25-.25v-3.5a.75.75 0 0 1 1.5 0v3.5A1.75 1.75 0 0 1 12.25 14h-8.5A1.75 1.75 0 0 1 2 12.25v-8.5C2 2.784 2.784 2 3.75 2Zm6.854-1h4.146a.25.25 0 0 1 .25.25v4.146a.25.25 0 0 1-.427.177L13.03 4.03 9.28 7.78a.751.751 0 0 1-1.042-.018.751.751 0 0 1-.018-1.042l3.75-3.75-1.543-1.543A.25.25 0 0 1 10.604 1Z"></path>
</svg>
</a></li>

                    <li>
  <a class="HeaderMenu-dropdown-link d-block no-underline position-relative py-2 Link--secondary Link--external" target="_blank" data-analytics-event="{&quot;location&quot;:&quot;navbar&quot;,&quot;action&quot;:&quot;github_skills&quot;,&quot;context&quot;:&quot;product&quot;,&quot;tag&quot;:&quot;link&quot;,&quot;label&quot;:&quot;github_skills_link_product_navbar&quot;}" href="https://skills.github.com">
      GitHub Skills

    <svg aria-hidden="true" height="16" viewBox="0 0 16 16" version="1.1" width="16" data-view-component="true" class="octicon octicon-link-external HeaderMenu-external-icon color-fg-subtle">
    <path d="M3.75 2h3.5a.75.75 0 0 1 0 1.5h-3.5a.25.25 0 0 0-.25.25v8.5c0 .138.112.25.25.25h8.5a.25.25 0 0 0 .25-.25v-3.5a.75.75 0 0 1 1.5 0v3.5A1.75 1.75 0 0 1 12.25 14h-8.5A1.75 1.75 0 0 1 2 12.25v-8.5C2 2.784 2.784 2 3.75 2Zm6.854-1h4.146a.25.25 0 0 1 .25.25v4.146a.25.25 0 0 1-.427.177L13.03 4.03 9.28 7.78a.751.751 0 0 1-1.042-.018.751.751 0 0 1-.018-1.042l3.75-3.75-1.543-1.543A.25.25 0 0 1 10.604 1Z"></path>
</svg>
</a></li>

                    <li>
  <a class="HeaderMenu-dropdown-link d-block no-underline position-relative py-2 Link--secondary Link--external" target="_blank" data-analytics-event="{&quot;location&quot;:&quot;navbar&quot;,&quot;action&quot;:&quot;blog&quot;,&quot;context&quot;:&quot;product&quot;,&quot;tag&quot;:&quot;link&quot;,&quot;label&quot;:&quot;blog_link_product_navbar&quot;}" href="https://github.blog">
      Blog

    <svg aria-hidden="true" height="16" viewBox="0 0 16 16" version="1.1" width="16" data-view-component="true" class="octicon octicon-link-external HeaderMenu-external-icon color-fg-subtle">
    <path d="M3.75 2h3.5a.75.75 0 0 1 0 1.5h-3.5a.25.25 0 0 0-.25.25v8.5c0 .138.112.25.25.25h8.5a.25.25 0 0 0 .25-.25v-3.5a.75.75 0 0 1 1.5 0v3.5A1.75 1.75 0 0 1 12.25 14h-8.5A1.75 1.75 0 0 1 2 12.25v-8.5C2 2.784 2.784 2 3.75 2Zm6.854-1h4.146a.25.25 0 0 1 .25.25v4.146a.25.25 0 0 1-.427.177L13.03 4.03 9.28 7.78a.751.751 0 0 1-1.042-.018.751.751 0 0 1-.018-1.042l3.75-3.75-1.543-1.543A.25.25 0 0 1 10.604 1Z"></path>
</svg>
</a></li>

                </ul>
              </div>
          </div>

      </div>
</li>


                <li class="HeaderMenu-item position-relative flex-wrap flex-justify-between flex-items-center d-block d-lg-flex flex-lg-nowrap flex-lg-items-center js-details-container js-header-menu-item">
      <button type="button" class="HeaderMenu-link border-0 width-full width-lg-auto px-0 px-lg-2 py-lg-2 no-wrap d-flex flex-items-center flex-justify-between js-details-target" aria-expanded="false">
        Solutions
        <svg opacity="0.5" aria-hidden="true" height="16" viewBox="0 0 16 16" version="1.1" width="16" data-view-component="true" class="octicon octicon-chevron-down HeaderMenu-icon ml-1">
    <path d="M12.78 5.22a.749.749 0 0 1 0 1.06l-4.25 4.25a.749.749 0 0 1-1.06 0L3.22 6.28a.749.749 0 1 1 1.06-1.06L8 8.939l3.72-3.719a.749.749 0 0 1 1.06 0Z"></path>
</svg>
      </button>

      <div class="HeaderMenu-dropdown dropdown-menu rounded m-0 p-0 pt-2 pt-lg-4 position-relative position-lg-absolute left-0 left-lg-n3 d-lg-flex flex-wrap dropdown-menu-wide">
          <div class="HeaderMenu-column px-lg-4 border-lg-right mb-4 mb-lg-0 pr-lg-7">
              <div class="border-bottom pb-3 pb-lg-0 border-lg-bottom-0 pb-lg-3 mb-3 mb-lg-0">
                    <span class="d-block h4 color-fg-default my-1" id="solutions-by-company-size-heading">By company size</span>

                <ul class="list-style-none f5" aria-labelledby="solutions-by-company-size-heading">
                    <li>
  <a class="HeaderMenu-dropdown-link d-block no-underline position-relative py-2 Link--secondary" data-analytics-event="{&quot;location&quot;:&quot;navbar&quot;,&quot;action&quot;:&quot;enterprises&quot;,&quot;context&quot;:&quot;solutions&quot;,&quot;tag&quot;:&quot;link&quot;,&quot;label&quot;:&quot;enterprises_link_solutions_navbar&quot;}" href="https://github.com/enterprise">
      Enterprises

    
</a></li>

                    <li>
  <a class="HeaderMenu-dropdown-link d-block no-underline position-relative py-2 Link--secondary" data-analytics-event="{&quot;location&quot;:&quot;navbar&quot;,&quot;action&quot;:&quot;small_and_medium_teams&quot;,&quot;context&quot;:&quot;solutions&quot;,&quot;tag&quot;:&quot;link&quot;,&quot;label&quot;:&quot;small_and_medium_teams_link_solutions_navbar&quot;}" href="https://github.com/team">
      Small and medium teams

    
</a></li>

                    <li>
  <a class="HeaderMenu-dropdown-link d-block no-underline position-relative py-2 Link--secondary" data-analytics-event="{&quot;location&quot;:&quot;navbar&quot;,&quot;action&quot;:&quot;startups&quot;,&quot;context&quot;:&quot;solutions&quot;,&quot;tag&quot;:&quot;link&quot;,&quot;label&quot;:&quot;startups_link_solutions_navbar&quot;}" href="https://github.com/enterprise/startups">
      Startups

    
</a></li>

                    <li>
  <a class="HeaderMenu-dropdown-link d-block no-underline position-relative py-2 Link--secondary" data-analytics-event="{&quot;location&quot;:&quot;navbar&quot;,&quot;action&quot;:&quot;nonprofits&quot;,&quot;context&quot;:&quot;solutions&quot;,&quot;tag&quot;:&quot;link&quot;,&quot;label&quot;:&quot;nonprofits_link_solutions_navbar&quot;}" href="/solutions/industry/nonprofits">
      Nonprofits

    
</a></li>

                </ul>
              </div>
              <div class="border-bottom pb-3 pb-lg-0 border-lg-bottom-0">
                    <span class="d-block h4 color-fg-default my-1" id="solutions-by-use-case-heading">By use case</span>

                <ul class="list-style-none f5" aria-labelledby="solutions-by-use-case-heading">
                    <li>
  <a class="HeaderMenu-dropdown-link d-block no-underline position-relative py-2 Link--secondary" data-analytics-event="{&quot;location&quot;:&quot;navbar&quot;,&quot;action&quot;:&quot;devsecops&quot;,&quot;context&quot;:&quot;solutions&quot;,&quot;tag&quot;:&quot;link&quot;,&quot;label&quot;:&quot;devsecops_link_solutions_navbar&quot;}" href="/solutions/use-case/devsecops">
      DevSecOps

    
</a></li>

                    <li>
  <a class="HeaderMenu-dropdown-link d-block no-underline position-relative py-2 Link--secondary" data-analytics-event="{&quot;location&quot;:&quot;navbar&quot;,&quot;action&quot;:&quot;devops&quot;,&quot;context&quot;:&quot;solutions&quot;,&quot;tag&quot;:&quot;link&quot;,&quot;label&quot;:&quot;devops_link_solutions_navbar&quot;}" href="/solutions/use-case/devops">
      DevOps

    
</a></li>

                    <li>
  <a class="HeaderMenu-dropdown-link d-block no-underline position-relative py-2 Link--secondary" data-analytics-event="{&quot;location&quot;:&quot;navbar&quot;,&quot;action&quot;:&quot;ci_cd&quot;,&quot;context&quot;:&quot;solutions&quot;,&quot;tag&quot;:&quot;link&quot;,&quot;label&quot;:&quot;ci_cd_link_solutions_navbar&quot;}" href="/solutions/use-case/ci-cd">
      CI/CD

    
</a></li>

                    <li>
  <a class="HeaderMenu-dropdown-link d-block no-underline position-relative py-2 Link--secondary" data-analytics-event="{&quot;location&quot;:&quot;navbar&quot;,&quot;action&quot;:&quot;view_all_use_cases&quot;,&quot;context&quot;:&quot;solutions&quot;,&quot;tag&quot;:&quot;link&quot;,&quot;label&quot;:&quot;view_all_use_cases_link_solutions_navbar&quot;}" href="/solutions/use-case">
      View all use cases

    
</a></li>

                </ul>
              </div>
          </div>
          <div class="HeaderMenu-column px-lg-4">
              <div class="border-bottom pb-3 pb-lg-0 border-lg-bottom-0">
                    <span class="d-block h4 color-fg-default my-1" id="solutions-by-industry-heading">By industry</span>

                <ul class="list-style-none f5" aria-labelledby="solutions-by-industry-heading">
                    <li>
  <a class="HeaderMenu-dropdown-link d-block no-underline position-relative py-2 Link--secondary" data-analytics-event="{&quot;location&quot;:&quot;navbar&quot;,&quot;action&quot;:&quot;healthcare&quot;,&quot;context&quot;:&quot;solutions&quot;,&quot;tag&quot;:&quot;link&quot;,&quot;label&quot;:&quot;healthcare_link_solutions_navbar&quot;}" href="/solutions/industry/healthcare">
      Healthcare

    
</a></li>

                    <li>
  <a class="HeaderMenu-dropdown-link d-block no-underline position-relative py-2 Link--secondary" data-analytics-event="{&quot;location&quot;:&quot;navbar&quot;,&quot;action&quot;:&quot;financial_services&quot;,&quot;context&quot;:&quot;solutions&quot;,&quot;tag&quot;:&quot;link&quot;,&quot;label&quot;:&quot;financial_services_link_solutions_navbar&quot;}" href="/solutions/industry/financial-services">
      Financial services

    
</a></li>

                    <li>
  <a class="HeaderMenu-dropdown-link d-block no-underline position-relative py-2 Link--secondary" data-analytics-event="{&quot;location&quot;:&quot;navbar&quot;,&quot;action&quot;:&quot;manufacturing&quot;,&quot;context&quot;:&quot;solutions&quot;,&quot;tag&quot;:&quot;link&quot;,&quot;label&quot;:&quot;manufacturing_link_solutions_navbar&quot;}" href="/solutions/industry/manufacturing">
      Manufacturing

    
</a></li>

                    <li>
  <a class="HeaderMenu-dropdown-link d-block no-underline position-relative py-2 Link--secondary" data-analytics-event="{&quot;location&quot;:&quot;navbar&quot;,&quot;action&quot;:&quot;government&quot;,&quot;context&quot;:&quot;solutions&quot;,&quot;tag&quot;:&quot;link&quot;,&quot;label&quot;:&quot;government_link_solutions_navbar&quot;}" href="/solutions/industry/government">
      Government

    
</a></li>

                    <li>
  <a class="HeaderMenu-dropdown-link d-block no-underline position-relative py-2 Link--secondary" data-analytics-event="{&quot;location&quot;:&quot;navbar&quot;,&quot;action&quot;:&quot;view_all_industries&quot;,&quot;context&quot;:&quot;solutions&quot;,&quot;tag&quot;:&quot;link&quot;,&quot;label&quot;:&quot;view_all_industries_link_solutions_navbar&quot;}" href="/solutions/industry">
      View all industries

    
</a></li>

                </ul>
              </div>
          </div>

         <div class="HeaderMenu-trailing-link rounded-bottom-2 flex-shrink-0 mt-lg-4 px-lg-4 py-4 py-lg-3 f5 text-semibold">
            <a href="/solutions">
              View all solutions
              <svg aria-hidden="true" height="16" viewBox="0 0 16 16" version="1.1" width="16" data-view-component="true" class="octicon octicon-chevron-right HeaderMenu-trailing-link-icon">
    <path d="M6.22 3.22a.75.75 0 0 1 1.06 0l4.25 4.25a.75.75 0 0 1 0 1.06l-4.25 4.25a.751.751 0 0 1-1.042-.018.751.751 0 0 1-.018-1.042L9.94 8 6.22 4.28a.75.75 0 0 1 0-1.06Z"></path>
</svg>
</a>         </div>
      </div>
</li>


                <li class="HeaderMenu-item position-relative flex-wrap flex-justify-between flex-items-center d-block d-lg-flex flex-lg-nowrap flex-lg-items-center js-details-container js-header-menu-item">
      <button type="button" class="HeaderMenu-link border-0 width-full width-lg-auto px-0 px-lg-2 py-lg-2 no-wrap d-flex flex-items-center flex-justify-between js-details-target" aria-expanded="false">
        Resources
        <svg opacity="0.5" aria-hidden="true" height="16" viewBox="0 0 16 16" version="1.1" width="16" data-view-component="true" class="octicon octicon-chevron-down HeaderMenu-icon ml-1">
    <path d="M12.78 5.22a.749.749 0 0 1 0 1.06l-4.25 4.25a.749.749 0 0 1-1.06 0L3.22 6.28a.749.749 0 1 1 1.06-1.06L8 8.939l3.72-3.719a.749.749 0 0 1 1.06 0Z"></path>
</svg>
      </button>

      <div class="HeaderMenu-dropdown dropdown-menu rounded m-0 p-0 pt-2 pt-lg-4 position-relative position-lg-absolute left-0 left-lg-n3 pb-2 pb-lg-4 d-lg-flex flex-wrap dropdown-menu-wide">
          <div class="HeaderMenu-column px-lg-4 border-lg-right mb-4 mb-lg-0 pr-lg-7">
              <div class="border-bottom pb-3 pb-lg-0 border-lg-bottom-0">
                    <span class="d-block h4 color-fg-default my-1" id="resources-topics-heading">Topics</span>

                <ul class="list-style-none f5" aria-labelledby="resources-topics-heading">
                    <li>
  <a class="HeaderMenu-dropdown-link d-block no-underline position-relative py-2 Link--secondary" data-analytics-event="{&quot;location&quot;:&quot;navbar&quot;,&quot;action&quot;:&quot;ai&quot;,&quot;context&quot;:&quot;resources&quot;,&quot;tag&quot;:&quot;link&quot;,&quot;label&quot;:&quot;ai_link_resources_navbar&quot;}" href="/resources/articles/ai">
      AI

    
</a></li>

                    <li>
  <a class="HeaderMenu-dropdown-link d-block no-underline position-relative py-2 Link--secondary" data-analytics-event="{&quot;location&quot;:&quot;navbar&quot;,&quot;action&quot;:&quot;devops&quot;,&quot;context&quot;:&quot;resources&quot;,&quot;tag&quot;:&quot;link&quot;,&quot;label&quot;:&quot;devops_link_resources_navbar&quot;}" href="/resources/articles/devops">
      DevOps

    
</a></li>

                    <li>
  <a class="HeaderMenu-dropdown-link d-block no-underline position-relative py-2 Link--secondary" data-analytics-event="{&quot;location&quot;:&quot;navbar&quot;,&quot;action&quot;:&quot;security&quot;,&quot;context&quot;:&quot;resources&quot;,&quot;tag&quot;:&quot;link&quot;,&quot;label&quot;:&quot;security_link_resources_navbar&quot;}" href="/resources/articles/security">
      Security

    
</a></li>

                    <li>
  <a class="HeaderMenu-dropdown-link d-block no-underline position-relative py-2 Link--secondary" data-analytics-event="{&quot;location&quot;:&quot;navbar&quot;,&quot;action&quot;:&quot;software_development&quot;,&quot;context&quot;:&quot;resources&quot;,&quot;tag&quot;:&quot;link&quot;,&quot;label&quot;:&quot;software_development_link_resources_navbar&quot;}" href="/resources/articles/software-development">
      Software Development

    
</a></li>

                    <li>
  <a class="HeaderMenu-dropdown-link d-block no-underline position-relative py-2 Link--secondary" data-analytics-event="{&quot;location&quot;:&quot;navbar&quot;,&quot;action&quot;:&quot;view_all&quot;,&quot;context&quot;:&quot;resources&quot;,&quot;tag&quot;:&quot;link&quot;,&quot;label&quot;:&quot;view_all_link_resources_navbar&quot;}" href="/resources/articles">
      View all

    
</a></li>

                </ul>
              </div>
          </div>
          <div class="HeaderMenu-column px-lg-4">
              <div class="border-bottom pb-3 pb-lg-0 border-lg-bottom-0 border-bottom-0">
                    <span class="d-block h4 color-fg-default my-1" id="resources-explore-heading">Explore</span>

                <ul class="list-style-none f5" aria-labelledby="resources-explore-heading">
                    <li>
  <a class="HeaderMenu-dropdown-link d-block no-underline position-relative py-2 Link--secondary Link--external" target="_blank" data-analytics-event="{&quot;location&quot;:&quot;navbar&quot;,&quot;action&quot;:&quot;learning_pathways&quot;,&quot;context&quot;:&quot;resources&quot;,&quot;tag&quot;:&quot;link&quot;,&quot;label&quot;:&quot;learning_pathways_link_resources_navbar&quot;}" href="https://resources.github.com/learn/pathways">
      Learning Pathways

    <svg aria-hidden="true" height="16" viewBox="0 0 16 16" version="1.1" width="16" data-view-component="true" class="octicon octicon-link-external HeaderMenu-external-icon color-fg-subtle">
    <path d="M3.75 2h3.5a.75.75 0 0 1 0 1.5h-3.5a.25.25 0 0 0-.25.25v8.5c0 .138.112.25.25.25h8.5a.25.25 0 0 0 .25-.25v-3.5a.75.75 0 0 1 1.5 0v3.5A1.75 1.75 0 0 1 12.25 14h-8.5A1.75 1.75 0 0 1 2 12.25v-8.5C2 2.784 2.784 2 3.75 2Zm6.854-1h4.146a.25.25 0 0 1 .25.25v4.146a.25.25 0 0 1-.427.177L13.03 4.03 9.28 7.78a.751.751 0 0 1-1.042-.018.751.751 0 0 1-.018-1.042l3.75-3.75-1.543-1.543A.25.25 0 0 1 10.604 1Z"></path>
</svg>
</a></li>

                    <li>
  <a class="HeaderMenu-dropdown-link d-block no-underline position-relative py-2 Link--secondary Link--external" target="_blank" data-analytics-event="{&quot;location&quot;:&quot;navbar&quot;,&quot;action&quot;:&quot;events_amp_webinars&quot;,&quot;context&quot;:&quot;resources&quot;,&quot;tag&quot;:&quot;link&quot;,&quot;label&quot;:&quot;events_amp_webinars_link_resources_navbar&quot;}" href="https://resources.github.com">
      Events &amp; Webinars

    <svg aria-hidden="true" height="16" viewBox="0 0 16 16" version="1.1" width="16" data-view-component="true" class="octicon octicon-link-external HeaderMenu-external-icon color-fg-subtle">
    <path d="M3.75 2h3.5a.75.75 0 0 1 0 1.5h-3.5a.25.25 0 0 0-.25.25v8.5c0 .138.112.25.25.25h8.5a.25.25 0 0 0 .25-.25v-3.5a.75.75 0 0 1 1.5 0v3.5A1.75 1.75 0 0 1 12.25 14h-8.5A1.75 1.75 0 0 1 2 12.25v-8.5C2 2.784 2.784 2 3.75 2Zm6.854-1h4.146a.25.25 0 0 1 .25.25v4.146a.25.25 0 0 1-.427.177L13.03 4.03 9.28 7.78a.751.751 0 0 1-1.042-.018.751.751 0 0 1-.018-1.042l3.75-3.75-1.543-1.543A.25.25 0 0 1 10.604 1Z"></path>
</svg>
</a></li>

                    <li>
  <a class="HeaderMenu-dropdown-link d-block no-underline position-relative py-2 Link--secondary" data-analytics-event="{&quot;location&quot;:&quot;navbar&quot;,&quot;action&quot;:&quot;ebooks_amp_whitepapers&quot;,&quot;context&quot;:&quot;resources&quot;,&quot;tag&quot;:&quot;link&quot;,&quot;label&quot;:&quot;ebooks_amp_whitepapers_link_resources_navbar&quot;}" href="https://github.com/resources/whitepapers">
      Ebooks &amp; Whitepapers

    
</a></li>

                    <li>
  <a class="HeaderMenu-dropdown-link d-block no-underline position-relative py-2 Link--secondary" data-analytics-event="{&quot;location&quot;:&quot;navbar&quot;,&quot;action&quot;:&quot;customer_stories&quot;,&quot;context&quot;:&quot;resources&quot;,&quot;tag&quot;:&quot;link&quot;,&quot;label&quot;:&quot;customer_stories_link_resources_navbar&quot;}" href="https://github.com/customer-stories">
      Customer Stories

    
</a></li>

                    <li>
  <a class="HeaderMenu-dropdown-link d-block no-underline position-relative py-2 Link--secondary Link--external" target="_blank" data-analytics-event="{&quot;location&quot;:&quot;navbar&quot;,&quot;action&quot;:&quot;partners&quot;,&quot;context&quot;:&quot;resources&quot;,&quot;tag&quot;:&quot;link&quot;,&quot;label&quot;:&quot;partners_link_resources_navbar&quot;}" href="https://partner.github.com">
      Partners

    <svg aria-hidden="true" height="16" viewBox="0 0 16 16" version="1.1" width="16" data-view-component="true" class="octicon octicon-link-external HeaderMenu-external-icon color-fg-subtle">
    <path d="M3.75 2h3.5a.75.75 0 0 1 0 1.5h-3.5a.25.25 0 0 0-.25.25v8.5c0 .138.112.25.25.25h8.5a.25.25 0 0 0 .25-.25v-3.5a.75.75 0 0 1 1.5 0v3.5A1.75 1.75 0 0 1 12.25 14h-8.5A1.75 1.75 0 0 1 2 12.25v-8.5C2 2.784 2.784 2 3.75 2Zm6.854-1h4.146a.25.25 0 0 1 .25.25v4.146a.25.25 0 0 1-.427.177L13.03 4.03 9.28 7.78a.751.751 0 0 1-1.042-.018.751.751 0 0 1-.018-1.042l3.75-3.75-1.543-1.543A.25.25 0 0 1 10.604 1Z"></path>
</svg>
</a></li>

                    <li>
  <a class="HeaderMenu-dropdown-link d-block no-underline position-relative py-2 Link--secondary" data-analytics-event="{&quot;location&quot;:&quot;navbar&quot;,&quot;action&quot;:&quot;executive_insights&quot;,&quot;context&quot;:&quot;resources&quot;,&quot;tag&quot;:&quot;link&quot;,&quot;label&quot;:&quot;executive_insights_link_resources_navbar&quot;}" href="https://github.com/solutions/executive-insights">
      Executive Insights

    
</a></li>

                </ul>
              </div>
          </div>

      </div>
</li>


                <li class="HeaderMenu-item position-relative flex-wrap flex-justify-between flex-items-center d-block d-lg-flex flex-lg-nowrap flex-lg-items-center js-details-container js-header-menu-item">
      <button type="button" class="HeaderMenu-link border-0 width-full width-lg-auto px-0 px-lg-2 py-lg-2 no-wrap d-flex flex-items-center flex-justify-between js-details-target" aria-expanded="false">
        Open Source
        <svg opacity="0.5" aria-hidden="true" height="16" viewBox="0 0 16 16" version="1.1" width="16" data-view-component="true" class="octicon octicon-chevron-down HeaderMenu-icon ml-1">
    <path d="M12.78 5.22a.749.749 0 0 1 0 1.06l-4.25 4.25a.749.749 0 0 1-1.06 0L3.22 6.28a.749.749 0 1 1 1.06-1.06L8 8.939l3.72-3.719a.749.749 0 0 1 1.06 0Z"></path>
</svg>
      </button>

      <div class="HeaderMenu-dropdown dropdown-menu rounded m-0 p-0 pt-2 pt-lg-4 position-relative position-lg-absolute left-0 left-lg-n3 pb-2 pb-lg-4 px-lg-4">
          <div class="HeaderMenu-column">
              <div class="border-bottom pb-3 pb-lg-0 pb-lg-3 mb-3 mb-lg-0 mb-lg-3">

                <ul class="list-style-none f5" >
                    <li>
  <a class="HeaderMenu-dropdown-link d-block no-underline position-relative py-2 Link--secondary d-flex flex-items-center Link--has-description" data-analytics-event="{&quot;location&quot;:&quot;navbar&quot;,&quot;action&quot;:&quot;github_sponsors&quot;,&quot;context&quot;:&quot;open_source&quot;,&quot;tag&quot;:&quot;link&quot;,&quot;label&quot;:&quot;github_sponsors_link_open_source_navbar&quot;}" href="/sponsors">
      
      <div>
          <div class="color-fg-default h4">
            GitHub Sponsors
          </div>
        Fund open source developers
      </div>

    
</a></li>

                </ul>
              </div>
              <div class="border-bottom pb-3 pb-lg-0 pb-lg-3 mb-3 mb-lg-0 mb-lg-3">

                <ul class="list-style-none f5" >
                    <li>
  <a class="HeaderMenu-dropdown-link d-block no-underline position-relative py-2 Link--secondary d-flex flex-items-center Link--has-description" data-analytics-event="{&quot;location&quot;:&quot;navbar&quot;,&quot;action&quot;:&quot;the_readme_project&quot;,&quot;context&quot;:&quot;open_source&quot;,&quot;tag&quot;:&quot;link&quot;,&quot;label&quot;:&quot;the_readme_project_link_open_source_navbar&quot;}" href="https://github.com/readme">
      
      <div>
          <div class="color-fg-default h4">
            The ReadME Project
          </div>
        GitHub community articles
      </div>

    
</a></li>

                </ul>
              </div>
              <div class="border-bottom pb-3 pb-lg-0 border-bottom-0">
                    <span class="d-block h4 color-fg-default my-1" id="open-source-repositories-heading">Repositories</span>

                <ul class="list-style-none f5" aria-labelledby="open-source-repositories-heading">
                    <li>
  <a class="HeaderMenu-dropdown-link d-block no-underline position-relative py-2 Link--secondary" data-analytics-event="{&quot;location&quot;:&quot;navbar&quot;,&quot;action&quot;:&quot;topics&quot;,&quot;context&quot;:&quot;open_source&quot;,&quot;tag&quot;:&quot;link&quot;,&quot;label&quot;:&quot;topics_link_open_source_navbar&quot;}" href="https://github.com/topics">
      Topics

    
</a></li>

                    <li>
  <a class="HeaderMenu-dropdown-link d-block no-underline position-relative py-2 Link--secondary" data-analytics-event="{&quot;location&quot;:&quot;navbar&quot;,&quot;action&quot;:&quot;trending&quot;,&quot;context&quot;:&quot;open_source&quot;,&quot;tag&quot;:&quot;link&quot;,&quot;label&quot;:&quot;trending_link_open_source_navbar&quot;}" href="https://github.com/trending">
      Trending

    
</a></li>

                    <li>
  <a class="HeaderMenu-dropdown-link d-block no-underline position-relative py-2 Link--secondary" data-analytics-event="{&quot;location&quot;:&quot;navbar&quot;,&quot;action&quot;:&quot;collections&quot;,&quot;context&quot;:&quot;open_source&quot;,&quot;tag&quot;:&quot;link&quot;,&quot;label&quot;:&quot;collections_link_open_source_navbar&quot;}" href="https://github.com/collections">
      Collections

    
</a></li>

                </ul>
              </div>
          </div>

      </div>
</li>


                <li class="HeaderMenu-item position-relative flex-wrap flex-justify-between flex-items-center d-block d-lg-flex flex-lg-nowrap flex-lg-items-center js-details-container js-header-menu-item">
      <button type="button" class="HeaderMenu-link border-0 width-full width-lg-auto px-0 px-lg-2 py-lg-2 no-wrap d-flex flex-items-center flex-justify-between js-details-target" aria-expanded="false">
        Enterprise
        <svg opacity="0.5" aria-hidden="true" height="16" viewBox="0 0 16 16" version="1.1" width="16" data-view-component="true" class="octicon octicon-chevron-down HeaderMenu-icon ml-1">
    <path d="M12.78 5.22a.749.749 0 0 1 0 1.06l-4.25 4.25a.749.749 0 0 1-1.06 0L3.22 6.28a.749.749 0 1 1 1.06-1.06L8 8.939l3.72-3.719a.749.749 0 0 1 1.06 0Z"></path>
</svg>
      </button>

      <div class="HeaderMenu-dropdown dropdown-menu rounded m-0 p-0 pt-2 pt-lg-4 position-relative position-lg-absolute left-0 left-lg-n3 pb-2 pb-lg-4 px-lg-4">
          <div class="HeaderMenu-column">
              <div class="border-bottom pb-3 pb-lg-0 pb-lg-3 mb-3 mb-lg-0 mb-lg-3">

                <ul class="list-style-none f5" >
                    <li>
  <a class="HeaderMenu-dropdown-link d-block no-underline position-relative py-2 Link--secondary d-flex flex-items-center Link--has-description" data-analytics-event="{&quot;location&quot;:&quot;navbar&quot;,&quot;action&quot;:&quot;enterprise_platform&quot;,&quot;context&quot;:&quot;enterprise&quot;,&quot;tag&quot;:&quot;link&quot;,&quot;label&quot;:&quot;enterprise_platform_link_enterprise_navbar&quot;}" href="/enterprise">
      <svg aria-hidden="true" height="24" viewBox="0 0 24 24" version="1.1" width="24" data-view-component="true" class="octicon octicon-stack color-fg-subtle mr-3">
    <path d="M11.063 1.456a1.749 1.749 0 0 1 1.874 0l8.383 5.316a1.751 1.751 0 0 1 0 2.956l-8.383 5.316a1.749 1.749 0 0 1-1.874 0L2.68 9.728a1.751 1.751 0 0 1 0-2.956Zm1.071 1.267a.25.25 0 0 0-.268 0L3.483 8.039a.25.25 0 0 0 0 .422l8.383 5.316a.25.25 0 0 0 .268 0l8.383-5.316a.25.25 0 0 0 0-.422Z"></path><path d="M1.867 12.324a.75.75 0 0 1 1.035-.232l8.964 5.685a.25.25 0 0 0 .268 0l8.964-5.685a.75.75 0 0 1 .804 1.267l-8.965 5.685a1.749 1.749 0 0 1-1.874 0l-8.965-5.685a.75.75 0 0 1-.231-1.035Z"></path><path d="M1.867 16.324a.75.75 0 0 1 1.035-.232l8.964 5.685a.25.25 0 0 0 .268 0l8.964-5.685a.75.75 0 0 1 .804 1.267l-8.965 5.685a1.749 1.749 0 0 1-1.874 0l-8.965-5.685a.75.75 0 0 1-.231-1.035Z"></path>
</svg>
      <div>
          <div class="color-fg-default h4">
            Enterprise platform
          </div>
        AI-powered developer platform
      </div>

    
</a></li>

                </ul>
              </div>
              <div class="border-bottom pb-3 pb-lg-0 border-bottom-0">
                    <span class="d-block h4 color-fg-default my-1" id="enterprise-available-add-ons-heading">Available add-ons</span>

                <ul class="list-style-none f5" aria-labelledby="enterprise-available-add-ons-heading">
                    <li>
  <a class="HeaderMenu-dropdown-link d-block no-underline position-relative py-2 Link--secondary d-flex flex-items-center Link--has-description pb-lg-3" data-analytics-event="{&quot;location&quot;:&quot;navbar&quot;,&quot;action&quot;:&quot;github_advanced_security&quot;,&quot;context&quot;:&quot;enterprise&quot;,&quot;tag&quot;:&quot;link&quot;,&quot;label&quot;:&quot;github_advanced_security_link_enterprise_navbar&quot;}" href="https://github.com/security/advanced-security">
      <svg aria-hidden="true" height="24" viewBox="0 0 24 24" version="1.1" width="24" data-view-component="true" class="octicon octicon-shield-check color-fg-subtle mr-3">
    <path d="M16.53 9.78a.75.75 0 0 0-1.06-1.06L11 13.19l-1.97-1.97a.75.75 0 0 0-1.06 1.06l2.5 2.5a.75.75 0 0 0 1.06 0l5-5Z"></path><path d="m12.54.637 8.25 2.675A1.75 1.75 0 0 1 22 4.976V10c0 6.19-3.771 10.704-9.401 12.83a1.704 1.704 0 0 1-1.198 0C5.77 20.705 2 16.19 2 10V4.976c0-.758.489-1.43 1.21-1.664L11.46.637a1.748 1.748 0 0 1 1.08 0Zm-.617 1.426-8.25 2.676a.249.249 0 0 0-.173.237V10c0 5.46 3.28 9.483 8.43 11.426a.199.199 0 0 0 .14 0C17.22 19.483 20.5 15.461 20.5 10V4.976a.25.25 0 0 0-.173-.237l-8.25-2.676a.253.253 0 0 0-.154 0Z"></path>
</svg>
      <div>
          <div class="color-fg-default h4">
            GitHub Advanced Security
          </div>
        Enterprise-grade security features
      </div>

    
</a></li>

                    <li>
  <a class="HeaderMenu-dropdown-link d-block no-underline position-relative py-2 Link--secondary d-flex flex-items-center Link--has-description pb-lg-3" data-analytics-event="{&quot;location&quot;:&quot;navbar&quot;,&quot;action&quot;:&quot;copilot_for_business&quot;,&quot;context&quot;:&quot;enterprise&quot;,&quot;tag&quot;:&quot;link&quot;,&quot;label&quot;:&quot;copilot_for_business_link_enterprise_navbar&quot;}" href="/features/copilot/copilot-business">
      <svg aria-hidden="true" height="24" viewBox="0 0 24 24" version="1.1" width="24" data-view-component="true" class="octicon octicon-copilot color-fg-subtle mr-3">
    <path d="M23.922 16.992c-.861 1.495-5.859 5.023-11.922 5.023-6.063 0-11.061-3.528-11.922-5.023A.641.641 0 0 1 0 16.736v-2.869a.841.841 0 0 1 .053-.22c.372-.935 1.347-2.292 2.605-2.656.167-.429.414-1.055.644-1.517a10.195 10.195 0 0 1-.052-1.086c0-1.331.282-2.499 1.132-3.368.397-.406.89-.717 1.474-.952 1.399-1.136 3.392-2.093 6.122-2.093 2.731 0 4.767.957 6.166 2.093.584.235 1.077.546 1.474.952.85.869 1.132 2.037 1.132 3.368 0 .368-.014.733-.052 1.086.23.462.477 1.088.644 1.517 1.258.364 2.233 1.721 2.605 2.656a.832.832 0 0 1 .053.22v2.869a.641.641 0 0 1-.078.256ZM12.172 11h-.344a4.323 4.323 0 0 1-.355.508C10.703 12.455 9.555 13 7.965 13c-1.725 0-2.989-.359-3.782-1.259a2.005 2.005 0 0 1-.085-.104L4 11.741v6.585c1.435.779 4.514 2.179 8 2.179 3.486 0 6.565-1.4 8-2.179v-6.585l-.098-.104s-.033.045-.085.104c-.793.9-2.057 1.259-3.782 1.259-1.59 0-2.738-.545-3.508-1.492a4.323 4.323 0 0 1-.355-.508h-.016.016Zm.641-2.935c.136 1.057.403 1.913.878 2.497.442.544 1.134.938 2.344.938 1.573 0 2.292-.337 2.657-.751.384-.435.558-1.15.558-2.361 0-1.14-.243-1.847-.705-2.319-.477-.488-1.319-.862-2.824-1.025-1.487-.161-2.192.138-2.533.529-.269.307-.437.808-.438 1.578v.021c0 .265.021.562.063.893Zm-1.626 0c.042-.331.063-.628.063-.894v-.02c-.001-.77-.169-1.271-.438-1.578-.341-.391-1.046-.69-2.533-.529-1.505.163-2.347.537-2.824 1.025-.462.472-.705 1.179-.705 2.319 0 1.211.175 1.926.558 2.361.365.414 1.084.751 2.657.751 1.21 0 1.902-.394 2.344-.938.475-.584.742-1.44.878-2.497Z"></path><path d="M14.5 14.25a1 1 0 0 1 1 1v2a1 1 0 0 1-2 0v-2a1 1 0 0 1 1-1Zm-5 0a1 1 0 0 1 1 1v2a1 1 0 0 1-2 0v-2a1 1 0 0 1 1-1Z"></path>
</svg>
      <div>
          <div class="color-fg-default h4">
            Copilot for business
          </div>
        Enterprise-grade AI features
      </div>

    
</a></li>

                    <li>
  <a class="HeaderMenu-dropdown-link d-block no-underline position-relative py-2 Link--secondary d-flex flex-items-center Link--has-description" data-analytics-event="{&quot;location&quot;:&quot;navbar&quot;,&quot;action&quot;:&quot;premium_support&quot;,&quot;context&quot;:&quot;enterprise&quot;,&quot;tag&quot;:&quot;link&quot;,&quot;label&quot;:&quot;premium_support_link_enterprise_navbar&quot;}" href="/premium-support">
      <svg aria-hidden="true" height="24" viewBox="0 0 24 24" version="1.1" width="24" data-view-component="true" class="octicon octicon-comment-discussion color-fg-subtle mr-3">
    <path d="M1.75 1h12.5c.966 0 1.75.784 1.75 1.75v9.5A1.75 1.75 0 0 1 14.25 14H8.061l-2.574 2.573A1.458 1.458 0 0 1 3 15.543V14H1.75A1.75 1.75 0 0 1 0 12.25v-9.5C0 1.784.784 1 1.75 1ZM1.5 2.75v9.5c0 .138.112.25.25.25h2a.75.75 0 0 1 .75.75v2.19l2.72-2.72a.749.749 0 0 1 .53-.22h6.5a.25.25 0 0 0 .25-.25v-9.5a.25.25 0 0 0-.25-.25H1.75a.25.25 0 0 0-.25.25Z"></path><path d="M22.5 8.75a.25.25 0 0 0-.25-.25h-3.5a.75.75 0 0 1 0-1.5h3.5c.966 0 1.75.784 1.75 1.75v9.5A1.75 1.75 0 0 1 22.25 20H21v1.543a1.457 1.457 0 0 1-2.487 1.03L15.939 20H10.75A1.75 1.75 0 0 1 9 18.25v-1.465a.75.75 0 0 1 1.5 0v1.465c0 .138.112.25.25.25h5.5a.75.75 0 0 1 .53.22l2.72 2.72v-2.19a.75.75 0 0 1 .75-.75h2a.25.25 0 0 0 .25-.25v-9.5Z"></path>
</svg>
      <div>
          <div class="color-fg-default h4">
            Premium Support
          </div>
        Enterprise-grade 24/7 support
      </div>

    
</a></li>

                </ul>
              </div>
          </div>

      </div>
</li>


                <li class="HeaderMenu-item position-relative flex-wrap flex-justify-between flex-items-center d-block d-lg-flex flex-lg-nowrap flex-lg-items-center js-details-container js-header-menu-item">
    <a class="HeaderMenu-link no-underline px-0 px-lg-2 py-3 py-lg-2 d-block d-lg-inline-block" data-analytics-event="{&quot;location&quot;:&quot;navbar&quot;,&quot;action&quot;:&quot;pricing&quot;,&quot;context&quot;:&quot;global&quot;,&quot;tag&quot;:&quot;link&quot;,&quot;label&quot;:&quot;pricing_link_global_navbar&quot;}" href="https://github.com/pricing">Pricing</a>
</li>

            </ul>
          </nav>

        <div class="d-flex flex-column flex-lg-row width-full flex-justify-end flex-lg-items-center text-center mt-3 mt-lg-0 text-lg-left ml-lg-3">
                


<qbsearch-input class="search-input" data-scope="repo:AnantharamanLab/VIBRANT" data-custom-scopes-path="/search/custom_scopes" data-delete-custom-scopes-csrf="opcNnqLEMqhjEWckDSx-nLkyC10BFliz13EuGeGcvPj5wGb8W5MWPm60HvFPdysIvNSCrGf8hg8wO1rXJGXy_w" data-max-custom-scopes="10" data-header-redesign-enabled="false" data-initial-value="" data-blackbird-suggestions-path="/search/suggestions" data-jump-to-suggestions-path="/_graphql/GetSuggestedNavigationDestinations" data-current-repository="AnantharamanLab/VIBRANT" data-current-org="AnantharamanLab" data-current-owner="" data-logged-in="false" data-copilot-chat-enabled="false" data-nl-search-enabled="false" data-retain-scroll-position="true">
  <div
    class="search-input-container search-with-dialog position-relative d-flex flex-row flex-items-center mr-4 rounded"
    data-action="click:qbsearch-input#searchInputContainerClicked"
  >
      <button
        type="button"
        class="header-search-button placeholder  input-button form-control d-flex flex-1 flex-self-stretch flex-items-center no-wrap width-full py-0 pl-2 pr-0 text-left border-0 box-shadow-none"
        data-target="qbsearch-input.inputButton"
        aria-label="Search or jump to…"
        aria-haspopup="dialog"
        placeholder="Search or jump to..."
        data-hotkey=s,/
        autocapitalize="off"
        data-analytics-event="{&quot;location&quot;:&quot;navbar&quot;,&quot;action&quot;:&quot;searchbar&quot;,&quot;context&quot;:&quot;global&quot;,&quot;tag&quot;:&quot;input&quot;,&quot;label&quot;:&quot;searchbar_input_global_navbar&quot;}"
        data-action="click:qbsearch-input#handleExpand"
      >
        <div class="mr-2 color-fg-muted">
          <svg aria-hidden="true" height="16" viewBox="0 0 16 16" version="1.1" width="16" data-view-component="true" class="octicon octicon-search">
    <path d="M10.68 11.74a6 6 0 0 1-7.922-8.982 6 6 0 0 1 8.982 7.922l3.04 3.04a.749.749 0 0 1-.326 1.275.749.749 0 0 1-.734-.215ZM11.5 7a4.499 4.499 0 1 0-8.997 0A4.499 4.499 0 0 0 11.5 7Z"></path>
</svg>
        </div>
        <span class="flex-1" data-target="qbsearch-input.inputButtonText">Search or jump to...</span>
          <div class="d-flex" data-target="qbsearch-input.hotkeyIndicator">
            <svg xmlns="http://www.w3.org/2000/svg" width="22" height="20" aria-hidden="true" class="mr-1"><path fill="none" stroke="#979A9C" opacity=".4" d="M3.5.5h12c1.7 0 3 1.3 3 3v13c0 1.7-1.3 3-3 3h-12c-1.7 0-3-1.3-3-3v-13c0-1.7 1.3-3 3-3z"></path><path fill="#979A9C" d="M11.8 6L8 15.1h-.9L10.8 6h1z"></path></svg>

          </div>
      </button>

    <input type="hidden" name="type" class="js-site-search-type-field">

    
<div class="Overlay--hidden " data-modal-dialog-overlay>
  <modal-dialog data-action="close:qbsearch-input#handleClose cancel:qbsearch-input#handleClose" data-target="qbsearch-input.searchSuggestionsDialog" role="dialog" id="search-suggestions-dialog" aria-modal="true" aria-labelledby="search-suggestions-dialog-header" data-view-component="true" class="Overlay Overlay--width-large Overlay--height-auto">
      <h1 id="search-suggestions-dialog-header" class="sr-only">Search code, repositories, users, issues, pull requests...</h1>
    <div class="Overlay-body Overlay-body--paddingNone">
      
          <div data-view-component="true">        <div class="search-suggestions position-fixed width-full color-shadow-large border color-fg-default color-bg-default overflow-hidden d-flex flex-column query-builder-container"
          style="border-radius: 12px;"
          data-target="qbsearch-input.queryBuilderContainer"
          hidden
        >
          <!-- '"` --><!-- </textarea></xmp> --></option></form><form id="query-builder-test-form" action="" accept-charset="UTF-8" method="get">
  <query-builder data-target="qbsearch-input.queryBuilder" id="query-builder-query-builder-test" data-filter-key=":" data-view-component="true" class="QueryBuilder search-query-builder">
    <div class="FormControl FormControl--fullWidth">
      <label id="query-builder-test-label" for="query-builder-test" class="FormControl-label sr-only">
        Search
      </label>
      <div
        class="QueryBuilder-StyledInput width-fit "
        data-target="query-builder.styledInput"
      >
          <span id="query-builder-test-leadingvisual-wrap" class="FormControl-input-leadingVisualWrap QueryBuilder-leadingVisualWrap">
            <svg aria-hidden="true" height="16" viewBox="0 0 16 16" version="1.1" width="16" data-view-component="true" class="octicon octicon-search FormControl-input-leadingVisual">
    <path d="M10.68 11.74a6 6 0 0 1-7.922-8.982 6 6 0 0 1 8.982 7.922l3.04 3.04a.749.749 0 0 1-.326 1.275.749.749 0 0 1-.734-.215ZM11.5 7a4.499 4.499 0 1 0-8.997 0A4.499 4.499 0 0 0 11.5 7Z"></path>
</svg>
          </span>
        <div data-target="query-builder.styledInputContainer" class="QueryBuilder-StyledInputContainer">
          <div
            aria-hidden="true"
            class="QueryBuilder-StyledInputContent"
            data-target="query-builder.styledInputContent"
          ></div>
          <div class="QueryBuilder-InputWrapper">
            <div aria-hidden="true" class="QueryBuilder-Sizer" data-target="query-builder.sizer"></div>
            <input id="query-builder-test" name="query-builder-test" value="" autocomplete="off" type="text" role="combobox" spellcheck="false" aria-expanded="false" aria-describedby="validation-5e33f4bb-ccba-441e-b3e6-57a3f3721761" data-target="query-builder.input" data-action="
          input:query-builder#inputChange
          blur:query-builder#inputBlur
          keydown:query-builder#inputKeydown
          focus:query-builder#inputFocus
        " data-view-component="true" class="FormControl-input QueryBuilder-Input FormControl-medium" />
          </div>
        </div>
          <span class="sr-only" id="query-builder-test-clear">Clear</span>
          <button role="button" id="query-builder-test-clear-button" aria-labelledby="query-builder-test-clear query-builder-test-label" data-target="query-builder.clearButton" data-action="
                click:query-builder#clear
                focus:query-builder#clearButtonFocus
                blur:query-builder#clearButtonBlur
              " variant="small" hidden="hidden" type="button" data-view-component="true" class="Button Button--iconOnly Button--invisible Button--medium mr-1 px-2 py-0 d-flex flex-items-center rounded-1 color-fg-muted">  <svg aria-hidden="true" height="16" viewBox="0 0 16 16" version="1.1" width="16" data-view-component="true" class="octicon octicon-x-circle-fill Button-visual">
    <path d="M2.343 13.657A8 8 0 1 1 13.658 2.343 8 8 0 0 1 2.343 13.657ZM6.03 4.97a.751.751 0 0 0-1.042.018.751.751 0 0 0-.018 1.042L6.94 8 4.97 9.97a.749.749 0 0 0 .326 1.275.749.749 0 0 0 .734-.215L8 9.06l1.97 1.97a.749.749 0 0 0 1.275-.326.749.749 0 0 0-.215-.734L9.06 8l1.97-1.97a.749.749 0 0 0-.326-1.275.749.749 0 0 0-.734.215L8 6.94Z"></path>
</svg>
</button>

      </div>
      <template id="search-icon">
  <svg aria-hidden="true" height="16" viewBox="0 0 16 16" version="1.1" width="16" data-view-component="true" class="octicon octicon-search">
    <path d="M10.68 11.74a6 6 0 0 1-7.922-8.982 6 6 0 0 1 8.982 7.922l3.04 3.04a.749.749 0 0 1-.326 1.275.749.749 0 0 1-.734-.215ZM11.5 7a4.499 4.499 0 1 0-8.997 0A4.499 4.499 0 0 0 11.5 7Z"></path>
</svg>
</template>

<template id="code-icon">
  <svg aria-hidden="true" height="16" viewBox="0 0 16 16" version="1.1" width="16" data-view-component="true" class="octicon octicon-code">
    <path d="m11.28 3.22 4.25 4.25a.75.75 0 0 1 0 1.06l-4.25 4.25a.749.749 0 0 1-1.275-.326.749.749 0 0 1 .215-.734L13.94 8l-3.72-3.72a.749.749 0 0 1 .326-1.275.749.749 0 0 1 .734.215Zm-6.56 0a.751.751 0 0 1 1.042.018.751.751 0 0 1 .018 1.042L2.06 8l3.72 3.72a.749.749 0 0 1-.326 1.275.749.749 0 0 1-.734-.215L.47 8.53a.75.75 0 0 1 0-1.06Z"></path>
</svg>
</template>

<template id="file-code-icon">
  <svg aria-hidden="true" height="16" viewBox="0 0 16 16" version="1.1" width="16" data-view-component="true" class="octicon octicon-file-code">
    <path d="M4 1.75C4 .784 4.784 0 5.75 0h5.586c.464 0 .909.184 1.237.513l2.914 2.914c.329.328.513.773.513 1.237v8.586A1.75 1.75 0 0 1 14.25 15h-9a.75.75 0 0 1 0-1.5h9a.25.25 0 0 0 .25-.25V6h-2.75A1.75 1.75 0 0 1 10 4.25V1.5H5.75a.25.25 0 0 0-.25.25v2.5a.75.75 0 0 1-1.5 0Zm1.72 4.97a.75.75 0 0 1 1.06 0l2 2a.75.75 0 0 1 0 1.06l-2 2a.749.749 0 0 1-1.275-.326.749.749 0 0 1 .215-.734l1.47-1.47-1.47-1.47a.75.75 0 0 1 0-1.06ZM3.28 7.78 1.81 9.25l1.47 1.47a.751.751 0 0 1-.018 1.042.751.751 0 0 1-1.042.018l-2-2a.75.75 0 0 1 0-1.06l2-2a.751.751 0 0 1 1.042.018.751.751 0 0 1 .018 1.042Zm8.22-6.218V4.25c0 .138.112.25.25.25h2.688l-.011-.013-2.914-2.914-.013-.011Z"></path>
</svg>
</template>

<template id="history-icon">
  <svg aria-hidden="true" height="16" viewBox="0 0 16 16" version="1.1" width="16" data-view-component="true" class="octicon octicon-history">
    <path d="m.427 1.927 1.215 1.215a8.002 8.002 0 1 1-1.6 5.685.75.75 0 1 1 1.493-.154 6.5 6.5 0 1 0 1.18-4.458l1.358 1.358A.25.25 0 0 1 3.896 6H.25A.25.25 0 0 1 0 5.75V2.104a.25.25 0 0 1 .427-.177ZM7.75 4a.75.75 0 0 1 .75.75v2.992l2.028.812a.75.75 0 0 1-.557 1.392l-2.5-1A.751.751 0 0 1 7 8.25v-3.5A.75.75 0 0 1 7.75 4Z"></path>
</svg>
</template>

<template id="repo-icon">
  <svg aria-hidden="true" height="16" viewBox="0 0 16 16" version="1.1" width="16" data-view-component="true" class="octicon octicon-repo">
    <path d="M2 2.5A2.5 2.5 0 0 1 4.5 0h8.75a.75.75 0 0 1 .75.75v12.5a.75.75 0 0 1-.75.75h-2.5a.75.75 0 0 1 0-1.5h1.75v-2h-8a1 1 0 0 0-.714 1.7.75.75 0 1 1-1.072 1.05A2.495 2.495 0 0 1 2 11.5Zm10.5-1h-8a1 1 0 0 0-1 1v6.708A2.486 2.486 0 0 1 4.5 9h8ZM5 12.25a.25.25 0 0 1 .25-.25h3.5a.25.25 0 0 1 .25.25v3.25a.25.25 0 0 1-.4.2l-1.45-1.087a.249.249 0 0 0-.3 0L5.4 15.7a.25.25 0 0 1-.4-.2Z"></path>
</svg>
</template>

<template id="bookmark-icon">
  <svg aria-hidden="true" height="16" viewBox="0 0 16 16" version="1.1" width="16" data-view-component="true" class="octicon octicon-bookmark">
    <path d="M3 2.75C3 1.784 3.784 1 4.75 1h6.5c.966 0 1.75.784 1.75 1.75v11.5a.75.75 0 0 1-1.227.579L8 11.722l-3.773 3.107A.751.751 0 0 1 3 14.25Zm1.75-.25a.25.25 0 0 0-.25.25v9.91l3.023-2.489a.75.75 0 0 1 .954 0l3.023 2.49V2.75a.25.25 0 0 0-.25-.25Z"></path>
</svg>
</template>

<template id="plus-circle-icon">
  <svg aria-hidden="true" height="16" viewBox="0 0 16 16" version="1.1" width="16" data-view-component="true" class="octicon octicon-plus-circle">
    <path d="M8 0a8 8 0 1 1 0 16A8 8 0 0 1 8 0ZM1.5 8a6.5 6.5 0 1 0 13 0 6.5 6.5 0 0 0-13 0Zm7.25-3.25v2.5h2.5a.75.75 0 0 1 0 1.5h-2.5v2.5a.75.75 0 0 1-1.5 0v-2.5h-2.5a.75.75 0 0 1 0-1.5h2.5v-2.5a.75.75 0 0 1 1.5 0Z"></path>
</svg>
</template>

<template id="circle-icon">
  <svg aria-hidden="true" height="16" viewBox="0 0 16 16" version="1.1" width="16" data-view-component="true" class="octicon octicon-dot-fill">
    <path d="M8 4a4 4 0 1 1 0 8 4 4 0 0 1 0-8Z"></path>
</svg>
</template>

<template id="trash-icon">
  <svg aria-hidden="true" height="16" viewBox="0 0 16 16" version="1.1" width="16" data-view-component="true" class="octicon octicon-trash">
    <path d="M11 1.75V3h2.25a.75.75 0 0 1 0 1.5H2.75a.75.75 0 0 1 0-1.5H5V1.75C5 .784 5.784 0 6.75 0h2.5C10.216 0 11 .784 11 1.75ZM4.496 6.675l.66 6.6a.25.25 0 0 0 .249.225h5.19a.25.25 0 0 0 .249-.225l.66-6.6a.75.75 0 0 1 1.492.149l-.66 6.6A1.748 1.748 0 0 1 10.595 15h-5.19a1.75 1.75 0 0 1-1.741-1.575l-.66-6.6a.75.75 0 1 1 1.492-.15ZM6.5 1.75V3h3V1.75a.25.25 0 0 0-.25-.25h-2.5a.25.25 0 0 0-.25.25Z"></path>
</svg>
</template>

<template id="team-icon">
  <svg aria-hidden="true" height="16" viewBox="0 0 16 16" version="1.1" width="16" data-view-component="true" class="octicon octicon-people">
    <path d="M2 5.5a3.5 3.5 0 1 1 5.898 2.549 5.508 5.508 0 0 1 3.034 4.084.75.75 0 1 1-1.482.235 4 4 0 0 0-7.9 0 .75.75 0 0 1-1.482-.236A5.507 5.507 0 0 1 3.102 8.05 3.493 3.493 0 0 1 2 5.5ZM11 4a3.001 3.001 0 0 1 2.22 5.018 5.01 5.01 0 0 1 2.56 3.012.749.749 0 0 1-.885.954.752.752 0 0 1-.549-.514 3.507 3.507 0 0 0-2.522-2.372.75.75 0 0 1-.574-.73v-.352a.75.75 0 0 1 .416-.672A1.5 1.5 0 0 0 11 5.5.75.75 0 0 1 11 4Zm-5.5-.5a2 2 0 1 0-.001 3.999A2 2 0 0 0 5.5 3.5Z"></path>
</svg>
</template>

<template id="project-icon">
  <svg aria-hidden="true" height="16" viewBox="0 0 16 16" version="1.1" width="16" data-view-component="true" class="octicon octicon-project">
    <path d="M1.75 0h12.5C15.216 0 16 .784 16 1.75v12.5A1.75 1.75 0 0 1 14.25 16H1.75A1.75 1.75 0 0 1 0 14.25V1.75C0 .784.784 0 1.75 0ZM1.5 1.75v12.5c0 .138.112.25.25.25h12.5a.25.25 0 0 0 .25-.25V1.75a.25.25 0 0 0-.25-.25H1.75a.25.25 0 0 0-.25.25ZM11.75 3a.75.75 0 0 1 .75.75v7.5a.75.75 0 0 1-1.5 0v-7.5a.75.75 0 0 1 .75-.75Zm-8.25.75a.75.75 0 0 1 1.5 0v5.5a.75.75 0 0 1-1.5 0ZM8 3a.75.75 0 0 1 .75.75v3.5a.75.75 0 0 1-1.5 0v-3.5A.75.75 0 0 1 8 3Z"></path>
</svg>
</template>

<template id="pencil-icon">
  <svg aria-hidden="true" height="16" viewBox="0 0 16 16" version="1.1" width="16" data-view-component="true" class="octicon octicon-pencil">
    <path d="M11.013 1.427a1.75 1.75 0 0 1 2.474 0l1.086 1.086a1.75 1.75 0 0 1 0 2.474l-8.61 8.61c-.21.21-.47.364-.756.445l-3.251.93a.75.75 0 0 1-.927-.928l.929-3.25c.081-.286.235-.547.445-.758l8.61-8.61Zm.176 4.823L9.75 4.81l-6.286 6.287a.253.253 0 0 0-.064.108l-.558 1.953 1.953-.558a.253.253 0 0 0 .108-.064Zm1.238-3.763a.25.25 0 0 0-.354 0L10.811 3.75l1.439 1.44 1.263-1.263a.25.25 0 0 0 0-.354Z"></path>
</svg>
</template>

<template id="copilot-icon">
  <svg aria-hidden="true" height="16" viewBox="0 0 16 16" version="1.1" width="16" data-view-component="true" class="octicon octicon-copilot">
    <path d="M7.998 15.035c-4.562 0-7.873-2.914-7.998-3.749V9.338c.085-.628.677-1.686 1.588-2.065.013-.07.024-.143.036-.218.029-.183.06-.384.126-.612-.201-.508-.254-1.084-.254-1.656 0-.87.128-1.769.693-2.484.579-.733 1.494-1.124 2.724-1.261 1.206-.134 2.262.034 2.944.765.05.053.096.108.139.165.044-.057.094-.112.143-.165.682-.731 1.738-.899 2.944-.765 1.23.137 2.145.528 2.724 1.261.566.715.693 1.614.693 2.484 0 .572-.053 1.148-.254 1.656.066.228.098.429.126.612.012.076.024.148.037.218.924.385 1.522 1.471 1.591 2.095v1.872c0 .766-3.351 3.795-8.002 3.795Zm0-1.485c2.28 0 4.584-1.11 5.002-1.433V7.862l-.023-.116c-.49.21-1.075.291-1.727.291-1.146 0-2.059-.327-2.71-.991A3.222 3.222 0 0 1 8 6.303a3.24 3.24 0 0 1-.544.743c-.65.664-1.563.991-2.71.991-.652 0-1.236-.081-1.727-.291l-.023.116v4.255c.419.323 2.722 1.433 5.002 1.433ZM6.762 2.83c-.193-.206-.637-.413-1.682-.297-1.019.113-1.479.404-1.713.7-.247.312-.369.789-.369 1.554 0 .793.129 1.171.308 1.371.162.181.519.379 1.442.379.853 0 1.339-.235 1.638-.54.315-.322.527-.827.617-1.553.117-.935-.037-1.395-.241-1.614Zm4.155-.297c-1.044-.116-1.488.091-1.681.297-.204.219-.359.679-.242 1.614.091.726.303 1.231.618 1.553.299.305.784.54 1.638.54.922 0 1.28-.198 1.442-.379.179-.2.308-.578.308-1.371 0-.765-.123-1.242-.37-1.554-.233-.296-.693-.587-1.713-.7Z"></path><path d="M6.25 9.037a.75.75 0 0 1 .75.75v1.501a.75.75 0 0 1-1.5 0V9.787a.75.75 0 0 1 .75-.75Zm4.25.75v1.501a.75.75 0 0 1-1.5 0V9.787a.75.75 0 0 1 1.5 0Z"></path>
</svg>
</template>

<template id="copilot-error-icon">
  <svg aria-hidden="true" height="16" viewBox="0 0 16 16" version="1.1" width="16" data-view-component="true" class="octicon octicon-copilot-error">
    <path d="M16 11.24c0 .112-.072.274-.21.467L13 9.688V7.862l-.023-.116c-.49.21-1.075.291-1.727.291-.198 0-.388-.009-.571-.029L6.833 5.226a4.01 4.01 0 0 0 .17-.782c.117-.935-.037-1.395-.241-1.614-.193-.206-.637-.413-1.682-.297-.683.076-1.115.231-1.395.415l-1.257-.91c.579-.564 1.413-.877 2.485-.996 1.206-.134 2.262.034 2.944.765.05.053.096.108.139.165.044-.057.094-.112.143-.165.682-.731 1.738-.899 2.944-.765 1.23.137 2.145.528 2.724 1.261.566.715.693 1.614.693 2.484 0 .572-.053 1.148-.254 1.656.066.228.098.429.126.612.012.076.024.148.037.218.924.385 1.522 1.471 1.591 2.095Zm-5.083-8.707c-1.044-.116-1.488.091-1.681.297-.204.219-.359.679-.242 1.614.091.726.303 1.231.618 1.553.299.305.784.54 1.638.54.922 0 1.28-.198 1.442-.379.179-.2.308-.578.308-1.371 0-.765-.123-1.242-.37-1.554-.233-.296-.693-.587-1.713-.7Zm2.511 11.074c-1.393.776-3.272 1.428-5.43 1.428-4.562 0-7.873-2.914-7.998-3.749V9.338c.085-.628.677-1.686 1.588-2.065.013-.07.024-.143.036-.218.029-.183.06-.384.126-.612-.18-.455-.241-.963-.252-1.475L.31 4.107A.747.747 0 0 1 0 3.509V3.49a.748.748 0 0 1 .625-.73c.156-.026.306.047.435.139l14.667 10.578a.592.592 0 0 1 .227.264.752.752 0 0 1 .046.249v.022a.75.75 0 0 1-1.19.596Zm-1.367-.991L5.635 7.964a5.128 5.128 0 0 1-.889.073c-.652 0-1.236-.081-1.727-.291l-.023.116v4.255c.419.323 2.722 1.433 5.002 1.433 1.539 0 3.089-.505 4.063-.934Z"></path>
</svg>
</template>

<template id="workflow-icon">
  <svg aria-hidden="true" height="16" viewBox="0 0 16 16" version="1.1" width="16" data-view-component="true" class="octicon octicon-workflow">
    <path d="M0 1.75C0 .784.784 0 1.75 0h3.5C6.216 0 7 .784 7 1.75v3.5A1.75 1.75 0 0 1 5.25 7H4v4a1 1 0 0 0 1 1h4v-1.25C9 9.784 9.784 9 10.75 9h3.5c.966 0 1.75.784 1.75 1.75v3.5A1.75 1.75 0 0 1 14.25 16h-3.5A1.75 1.75 0 0 1 9 14.25v-.75H5A2.5 2.5 0 0 1 2.5 11V7h-.75A1.75 1.75 0 0 1 0 5.25Zm1.75-.25a.25.25 0 0 0-.25.25v3.5c0 .138.112.25.25.25h3.5a.25.25 0 0 0 .25-.25v-3.5a.25.25 0 0 0-.25-.25Zm9 9a.25.25 0 0 0-.25.25v3.5c0 .138.112.25.25.25h3.5a.25.25 0 0 0 .25-.25v-3.5a.25.25 0 0 0-.25-.25Z"></path>
</svg>
</template>

<template id="book-icon">
  <svg aria-hidden="true" height="16" viewBox="0 0 16 16" version="1.1" width="16" data-view-component="true" class="octicon octicon-book">
    <path d="M0 1.75A.75.75 0 0 1 .75 1h4.253c1.227 0 2.317.59 3 1.501A3.743 3.743 0 0 1 11.006 1h4.245a.75.75 0 0 1 .75.75v10.5a.75.75 0 0 1-.75.75h-4.507a2.25 2.25 0 0 0-1.591.659l-.622.621a.75.75 0 0 1-1.06 0l-.622-.621A2.25 2.25 0 0 0 5.258 13H.75a.75.75 0 0 1-.75-.75Zm7.251 10.324.004-5.073-.002-2.253A2.25 2.25 0 0 0 5.003 2.5H1.5v9h3.757a3.75 3.75 0 0 1 1.994.574ZM8.755 4.75l-.004 7.322a3.752 3.752 0 0 1 1.992-.572H14.5v-9h-3.495a2.25 2.25 0 0 0-2.25 2.25Z"></path>
</svg>
</template>

<template id="code-review-icon">
  <svg aria-hidden="true" height="16" viewBox="0 0 16 16" version="1.1" width="16" data-view-component="true" class="octicon octicon-code-review">
    <path d="M1.75 1h12.5c.966 0 1.75.784 1.75 1.75v8.5A1.75 1.75 0 0 1 14.25 13H8.061l-2.574 2.573A1.458 1.458 0 0 1 3 14.543V13H1.75A1.75 1.75 0 0 1 0 11.25v-8.5C0 1.784.784 1 1.75 1ZM1.5 2.75v8.5c0 .138.112.25.25.25h2a.75.75 0 0 1 .75.75v2.19l2.72-2.72a.749.749 0 0 1 .53-.22h6.5a.25.25 0 0 0 .25-.25v-8.5a.25.25 0 0 0-.25-.25H1.75a.25.25 0 0 0-.25.25Zm5.28 1.72a.75.75 0 0 1 0 1.06L5.31 7l1.47 1.47a.751.751 0 0 1-.018 1.042.751.751 0 0 1-1.042.018l-2-2a.75.75 0 0 1 0-1.06l2-2a.75.75 0 0 1 1.06 0Zm2.44 0a.75.75 0 0 1 1.06 0l2 2a.75.75 0 0 1 0 1.06l-2 2a.751.751 0 0 1-1.042-.018.751.751 0 0 1-.018-1.042L10.69 7 9.22 5.53a.75.75 0 0 1 0-1.06Z"></path>
</svg>
</template>

<template id="codespaces-icon">
  <svg aria-hidden="true" height="16" viewBox="0 0 16 16" version="1.1" width="16" data-view-component="true" class="octicon octicon-codespaces">
    <path d="M0 11.25c0-.966.784-1.75 1.75-1.75h12.5c.966 0 1.75.784 1.75 1.75v3A1.75 1.75 0 0 1 14.25 16H1.75A1.75 1.75 0 0 1 0 14.25Zm2-9.5C2 .784 2.784 0 3.75 0h8.5C13.216 0 14 .784 14 1.75v5a1.75 1.75 0 0 1-1.75 1.75h-8.5A1.75 1.75 0 0 1 2 6.75Zm1.75-.25a.25.25 0 0 0-.25.25v5c0 .138.112.25.25.25h8.5a.25.25 0 0 0 .25-.25v-5a.25.25 0 0 0-.25-.25Zm-2 9.5a.25.25 0 0 0-.25.25v3c0 .138.112.25.25.25h12.5a.25.25 0 0 0 .25-.25v-3a.25.25 0 0 0-.25-.25Z"></path><path d="M7 12.75a.75.75 0 0 1 .75-.75h4.5a.75.75 0 0 1 0 1.5h-4.5a.75.75 0 0 1-.75-.75Zm-4 0a.75.75 0 0 1 .75-.75h.5a.75.75 0 0 1 0 1.5h-.5a.75.75 0 0 1-.75-.75Z"></path>
</svg>
</template>

<template id="comment-icon">
  <svg aria-hidden="true" height="16" viewBox="0 0 16 16" version="1.1" width="16" data-view-component="true" class="octicon octicon-comment">
    <path d="M1 2.75C1 1.784 1.784 1 2.75 1h10.5c.966 0 1.75.784 1.75 1.75v7.5A1.75 1.75 0 0 1 13.25 12H9.06l-2.573 2.573A1.458 1.458 0 0 1 4 13.543V12H2.75A1.75 1.75 0 0 1 1 10.25Zm1.75-.25a.25.25 0 0 0-.25.25v7.5c0 .138.112.25.25.25h2a.75.75 0 0 1 .75.75v2.19l2.72-2.72a.749.749 0 0 1 .53-.22h4.5a.25.25 0 0 0 .25-.25v-7.5a.25.25 0 0 0-.25-.25Z"></path>
</svg>
</template>

<template id="comment-discussion-icon">
  <svg aria-hidden="true" height="16" viewBox="0 0 16 16" version="1.1" width="16" data-view-component="true" class="octicon octicon-comment-discussion">
    <path d="M1.75 1h8.5c.966 0 1.75.784 1.75 1.75v5.5A1.75 1.75 0 0 1 10.25 10H7.061l-2.574 2.573A1.458 1.458 0 0 1 2 11.543V10h-.25A1.75 1.75 0 0 1 0 8.25v-5.5C0 1.784.784 1 1.75 1ZM1.5 2.75v5.5c0 .138.112.25.25.25h1a.75.75 0 0 1 .75.75v2.19l2.72-2.72a.749.749 0 0 1 .53-.22h3.5a.25.25 0 0 0 .25-.25v-5.5a.25.25 0 0 0-.25-.25h-8.5a.25.25 0 0 0-.25.25Zm13 2a.25.25 0 0 0-.25-.25h-.5a.75.75 0 0 1 0-1.5h.5c.966 0 1.75.784 1.75 1.75v5.5A1.75 1.75 0 0 1 14.25 12H14v1.543a1.458 1.458 0 0 1-2.487 1.03L9.22 12.28a.749.749 0 0 1 .326-1.275.749.749 0 0 1 .734.215l2.22 2.22v-2.19a.75.75 0 0 1 .75-.75h1a.25.25 0 0 0 .25-.25Z"></path>
</svg>
</template>

<template id="organization-icon">
  <svg aria-hidden="true" height="16" viewBox="0 0 16 16" version="1.1" width="16" data-view-component="true" class="octicon octicon-organization">
    <path d="M1.75 16A1.75 1.75 0 0 1 0 14.25V1.75C0 .784.784 0 1.75 0h8.5C11.216 0 12 .784 12 1.75v12.5c0 .085-.006.168-.018.25h2.268a.25.25 0 0 0 .25-.25V8.285a.25.25 0 0 0-.111-.208l-1.055-.703a.749.749 0 1 1 .832-1.248l1.055.703c.487.325.779.871.779 1.456v5.965A1.75 1.75 0 0 1 14.25 16h-3.5a.766.766 0 0 1-.197-.026c-.099.017-.2.026-.303.026h-3a.75.75 0 0 1-.75-.75V14h-1v1.25a.75.75 0 0 1-.75.75Zm-.25-1.75c0 .138.112.25.25.25H4v-1.25a.75.75 0 0 1 .75-.75h2.5a.75.75 0 0 1 .75.75v1.25h2.25a.25.25 0 0 0 .25-.25V1.75a.25.25 0 0 0-.25-.25h-8.5a.25.25 0 0 0-.25.25ZM3.75 6h.5a.75.75 0 0 1 0 1.5h-.5a.75.75 0 0 1 0-1.5ZM3 3.75A.75.75 0 0 1 3.75 3h.5a.75.75 0 0 1 0 1.5h-.5A.75.75 0 0 1 3 3.75Zm4 3A.75.75 0 0 1 7.75 6h.5a.75.75 0 0 1 0 1.5h-.5A.75.75 0 0 1 7 6.75ZM7.75 3h.5a.75.75 0 0 1 0 1.5h-.5a.75.75 0 0 1 0-1.5ZM3 9.75A.75.75 0 0 1 3.75 9h.5a.75.75 0 0 1 0 1.5h-.5A.75.75 0 0 1 3 9.75ZM7.75 9h.5a.75.75 0 0 1 0 1.5h-.5a.75.75 0 0 1 0-1.5Z"></path>
</svg>
</template>

<template id="rocket-icon">
  <svg aria-hidden="true" height="16" viewBox="0 0 16 16" version="1.1" width="16" data-view-component="true" class="octicon octicon-rocket">
    <path d="M14.064 0h.186C15.216 0 16 .784 16 1.75v.186a8.752 8.752 0 0 1-2.564 6.186l-.458.459c-.314.314-.641.616-.979.904v3.207c0 .608-.315 1.172-.833 1.49l-2.774 1.707a.749.749 0 0 1-1.11-.418l-.954-3.102a1.214 1.214 0 0 1-.145-.125L3.754 9.816a1.218 1.218 0 0 1-.124-.145L.528 8.717a.749.749 0 0 1-.418-1.11l1.71-2.774A1.748 1.748 0 0 1 3.31 4h3.204c.288-.338.59-.665.904-.979l.459-.458A8.749 8.749 0 0 1 14.064 0ZM8.938 3.623h-.002l-.458.458c-.76.76-1.437 1.598-2.02 2.5l-1.5 2.317 2.143 2.143 2.317-1.5c.902-.583 1.74-1.26 2.499-2.02l.459-.458a7.25 7.25 0 0 0 2.123-5.127V1.75a.25.25 0 0 0-.25-.25h-.186a7.249 7.249 0 0 0-5.125 2.123ZM3.56 14.56c-.732.732-2.334 1.045-3.005 1.148a.234.234 0 0 1-.201-.064.234.234 0 0 1-.064-.201c.103-.671.416-2.273 1.15-3.003a1.502 1.502 0 1 1 2.12 2.12Zm6.94-3.935c-.088.06-.177.118-.266.175l-2.35 1.521.548 1.783 1.949-1.2a.25.25 0 0 0 .119-.213ZM3.678 8.116 5.2 5.766c.058-.09.117-.178.176-.266H3.309a.25.25 0 0 0-.213.119l-1.2 1.95ZM12 5a1 1 0 1 1-2 0 1 1 0 0 1 2 0Z"></path>
</svg>
</template>

<template id="shield-check-icon">
  <svg aria-hidden="true" height="16" viewBox="0 0 16 16" version="1.1" width="16" data-view-component="true" class="octicon octicon-shield-check">
    <path d="m8.533.133 5.25 1.68A1.75 1.75 0 0 1 15 3.48V7c0 1.566-.32 3.182-1.303 4.682-.983 1.498-2.585 2.813-5.032 3.855a1.697 1.697 0 0 1-1.33 0c-2.447-1.042-4.049-2.357-5.032-3.855C1.32 10.182 1 8.566 1 7V3.48a1.75 1.75 0 0 1 1.217-1.667l5.25-1.68a1.748 1.748 0 0 1 1.066 0Zm-.61 1.429.001.001-5.25 1.68a.251.251 0 0 0-.174.237V7c0 1.36.275 2.666 1.057 3.859.784 1.194 2.121 2.342 4.366 3.298a.196.196 0 0 0 .154 0c2.245-.957 3.582-2.103 4.366-3.297C13.225 9.666 13.5 8.358 13.5 7V3.48a.25.25 0 0 0-.174-.238l-5.25-1.68a.25.25 0 0 0-.153 0ZM11.28 6.28l-3.5 3.5a.75.75 0 0 1-1.06 0l-1.5-1.5a.749.749 0 0 1 .326-1.275.749.749 0 0 1 .734.215l.97.97 2.97-2.97a.751.751 0 0 1 1.042.018.751.751 0 0 1 .018 1.042Z"></path>
</svg>
</template>

<template id="heart-icon">
  <svg aria-hidden="true" height="16" viewBox="0 0 16 16" version="1.1" width="16" data-view-component="true" class="octicon octicon-heart">
    <path d="m8 14.25.345.666a.75.75 0 0 1-.69 0l-.008-.004-.018-.01a7.152 7.152 0 0 1-.31-.17 22.055 22.055 0 0 1-3.434-2.414C2.045 10.731 0 8.35 0 5.5 0 2.836 2.086 1 4.25 1 5.797 1 7.153 1.802 8 3.02 8.847 1.802 10.203 1 11.75 1 13.914 1 16 2.836 16 5.5c0 2.85-2.045 5.231-3.885 6.818a22.066 22.066 0 0 1-3.744 2.584l-.018.01-.006.003h-.002ZM4.25 2.5c-1.336 0-2.75 1.164-2.75 3 0 2.15 1.58 4.144 3.365 5.682A20.58 20.58 0 0 0 8 13.393a20.58 20.58 0 0 0 3.135-2.211C12.92 9.644 14.5 7.65 14.5 5.5c0-1.836-1.414-3-2.75-3-1.373 0-2.609.986-3.029 2.456a.749.749 0 0 1-1.442 0C6.859 3.486 5.623 2.5 4.25 2.5Z"></path>
</svg>
</template>

<template id="server-icon">
  <svg aria-hidden="true" height="16" viewBox="0 0 16 16" version="1.1" width="16" data-view-component="true" class="octicon octicon-server">
    <path d="M1.75 1h12.5c.966 0 1.75.784 1.75 1.75v4c0 .372-.116.717-.314 1 .198.283.314.628.314 1v4a1.75 1.75 0 0 1-1.75 1.75H1.75A1.75 1.75 0 0 1 0 12.75v-4c0-.358.109-.707.314-1a1.739 1.739 0 0 1-.314-1v-4C0 1.784.784 1 1.75 1ZM1.5 2.75v4c0 .138.112.25.25.25h12.5a.25.25 0 0 0 .25-.25v-4a.25.25 0 0 0-.25-.25H1.75a.25.25 0 0 0-.25.25Zm.25 5.75a.25.25 0 0 0-.25.25v4c0 .138.112.25.25.25h12.5a.25.25 0 0 0 .25-.25v-4a.25.25 0 0 0-.25-.25ZM7 4.75A.75.75 0 0 1 7.75 4h4.5a.75.75 0 0 1 0 1.5h-4.5A.75.75 0 0 1 7 4.75ZM7.75 10h4.5a.75.75 0 0 1 0 1.5h-4.5a.75.75 0 0 1 0-1.5ZM3 4.75A.75.75 0 0 1 3.75 4h.5a.75.75 0 0 1 0 1.5h-.5A.75.75 0 0 1 3 4.75ZM3.75 10h.5a.75.75 0 0 1 0 1.5h-.5a.75.75 0 0 1 0-1.5Z"></path>
</svg>
</template>

<template id="globe-icon">
  <svg aria-hidden="true" height="16" viewBox="0 0 16 16" version="1.1" width="16" data-view-component="true" class="octicon octicon-globe">
    <path d="M8 0a8 8 0 1 1 0 16A8 8 0 0 1 8 0ZM5.78 8.75a9.64 9.64 0 0 0 1.363 4.177c.255.426.542.832.857 1.215.245-.296.551-.705.857-1.215A9.64 9.64 0 0 0 10.22 8.75Zm4.44-1.5a9.64 9.64 0 0 0-1.363-4.177c-.307-.51-.612-.919-.857-1.215a9.927 9.927 0 0 0-.857 1.215A9.64 9.64 0 0 0 5.78 7.25Zm-5.944 1.5H1.543a6.507 6.507 0 0 0 4.666 5.5c-.123-.181-.24-.365-.352-.552-.715-1.192-1.437-2.874-1.581-4.948Zm-2.733-1.5h2.733c.144-2.074.866-3.756 1.58-4.948.12-.197.237-.381.353-.552a6.507 6.507 0 0 0-4.666 5.5Zm10.181 1.5c-.144 2.074-.866 3.756-1.58 4.948-.12.197-.237.381-.353.552a6.507 6.507 0 0 0 4.666-5.5Zm2.733-1.5a6.507 6.507 0 0 0-4.666-5.5c.123.181.24.365.353.552.714 1.192 1.436 2.874 1.58 4.948Z"></path>
</svg>
</template>

<template id="issue-opened-icon">
  <svg aria-hidden="true" height="16" viewBox="0 0 16 16" version="1.1" width="16" data-view-component="true" class="octicon octicon-issue-opened">
    <path d="M8 9.5a1.5 1.5 0 1 0 0-3 1.5 1.5 0 0 0 0 3Z"></path><path d="M8 0a8 8 0 1 1 0 16A8 8 0 0 1 8 0ZM1.5 8a6.5 6.5 0 1 0 13 0 6.5 6.5 0 0 0-13 0Z"></path>
</svg>
</template>

<template id="device-mobile-icon">
  <svg aria-hidden="true" height="16" viewBox="0 0 16 16" version="1.1" width="16" data-view-component="true" class="octicon octicon-device-mobile">
    <path d="M3.75 0h8.5C13.216 0 14 .784 14 1.75v12.5A1.75 1.75 0 0 1 12.25 16h-8.5A1.75 1.75 0 0 1 2 14.25V1.75C2 .784 2.784 0 3.75 0ZM3.5 1.75v12.5c0 .138.112.25.25.25h8.5a.25.25 0 0 0 .25-.25V1.75a.25.25 0 0 0-.25-.25h-8.5a.25.25 0 0 0-.25.25ZM8 13a1 1 0 1 1 0-2 1 1 0 0 1 0 2Z"></path>
</svg>
</template>

<template id="package-icon">
  <svg aria-hidden="true" height="16" viewBox="0 0 16 16" version="1.1" width="16" data-view-component="true" class="octicon octicon-package">
    <path d="m8.878.392 5.25 3.045c.54.314.872.89.872 1.514v6.098a1.75 1.75 0 0 1-.872 1.514l-5.25 3.045a1.75 1.75 0 0 1-1.756 0l-5.25-3.045A1.75 1.75 0 0 1 1 11.049V4.951c0-.624.332-1.201.872-1.514L7.122.392a1.75 1.75 0 0 1 1.756 0ZM7.875 1.69l-4.63 2.685L8 7.133l4.755-2.758-4.63-2.685a.248.248 0 0 0-.25 0ZM2.5 5.677v5.372c0 .09.047.171.125.216l4.625 2.683V8.432Zm6.25 8.271 4.625-2.683a.25.25 0 0 0 .125-.216V5.677L8.75 8.432Z"></path>
</svg>
</template>

<template id="credit-card-icon">
  <svg aria-hidden="true" height="16" viewBox="0 0 16 16" version="1.1" width="16" data-view-component="true" class="octicon octicon-credit-card">
    <path d="M10.75 9a.75.75 0 0 0 0 1.5h1.5a.75.75 0 0 0 0-1.5h-1.5Z"></path><path d="M0 3.75C0 2.784.784 2 1.75 2h12.5c.966 0 1.75.784 1.75 1.75v8.5A1.75 1.75 0 0 1 14.25 14H1.75A1.75 1.75 0 0 1 0 12.25ZM14.5 6.5h-13v5.75c0 .138.112.25.25.25h12.5a.25.25 0 0 0 .25-.25Zm0-2.75a.25.25 0 0 0-.25-.25H1.75a.25.25 0 0 0-.25.25V5h13Z"></path>
</svg>
</template>

<template id="play-icon">
  <svg aria-hidden="true" height="16" viewBox="0 0 16 16" version="1.1" width="16" data-view-component="true" class="octicon octicon-play">
    <path d="M8 0a8 8 0 1 1 0 16A8 8 0 0 1 8 0ZM1.5 8a6.5 6.5 0 1 0 13 0 6.5 6.5 0 0 0-13 0Zm4.879-2.773 4.264 2.559a.25.25 0 0 1 0 .428l-4.264 2.559A.25.25 0 0 1 6 10.559V5.442a.25.25 0 0 1 .379-.215Z"></path>
</svg>
</template>

<template id="gift-icon">
  <svg aria-hidden="true" height="16" viewBox="0 0 16 16" version="1.1" width="16" data-view-component="true" class="octicon octicon-gift">
    <path d="M2 2.75A2.75 2.75 0 0 1 4.75 0c.983 0 1.873.42 2.57 1.232.268.318.497.668.68 1.042.183-.375.411-.725.68-1.044C9.376.42 10.266 0 11.25 0a2.75 2.75 0 0 1 2.45 4h.55c.966 0 1.75.784 1.75 1.75v2c0 .698-.409 1.301-1 1.582v4.918A1.75 1.75 0 0 1 13.25 16H2.75A1.75 1.75 0 0 1 1 14.25V9.332C.409 9.05 0 8.448 0 7.75v-2C0 4.784.784 4 1.75 4h.55c-.192-.375-.3-.8-.3-1.25ZM7.25 9.5H2.5v4.75c0 .138.112.25.25.25h4.5Zm1.5 0v5h4.5a.25.25 0 0 0 .25-.25V9.5Zm0-4V8h5.5a.25.25 0 0 0 .25-.25v-2a.25.25 0 0 0-.25-.25Zm-7 0a.25.25 0 0 0-.25.25v2c0 .138.112.25.25.25h5.5V5.5h-5.5Zm3-4a1.25 1.25 0 0 0 0 2.5h2.309c-.233-.818-.542-1.401-.878-1.793-.43-.502-.915-.707-1.431-.707ZM8.941 4h2.309a1.25 1.25 0 0 0 0-2.5c-.516 0-1 .205-1.43.707-.337.392-.646.975-.879 1.793Z"></path>
</svg>
</template>

<template id="code-square-icon">
  <svg aria-hidden="true" height="16" viewBox="0 0 16 16" version="1.1" width="16" data-view-component="true" class="octicon octicon-code-square">
    <path d="M0 1.75C0 .784.784 0 1.75 0h12.5C15.216 0 16 .784 16 1.75v12.5A1.75 1.75 0 0 1 14.25 16H1.75A1.75 1.75 0 0 1 0 14.25Zm1.75-.25a.25.25 0 0 0-.25.25v12.5c0 .138.112.25.25.25h12.5a.25.25 0 0 0 .25-.25V1.75a.25.25 0 0 0-.25-.25Zm7.47 3.97a.75.75 0 0 1 1.06 0l2 2a.75.75 0 0 1 0 1.06l-2 2a.749.749 0 0 1-1.275-.326.749.749 0 0 1 .215-.734L10.69 8 9.22 6.53a.75.75 0 0 1 0-1.06ZM6.78 6.53 5.31 8l1.47 1.47a.749.749 0 0 1-.326 1.275.749.749 0 0 1-.734-.215l-2-2a.75.75 0 0 1 0-1.06l2-2a.751.751 0 0 1 1.042.018.751.751 0 0 1 .018 1.042Z"></path>
</svg>
</template>

<template id="device-desktop-icon">
  <svg aria-hidden="true" height="16" viewBox="0 0 16 16" version="1.1" width="16" data-view-component="true" class="octicon octicon-device-desktop">
    <path d="M14.25 1c.966 0 1.75.784 1.75 1.75v7.5A1.75 1.75 0 0 1 14.25 12h-3.727c.099 1.041.52 1.872 1.292 2.757A.752.752 0 0 1 11.25 16h-6.5a.75.75 0 0 1-.565-1.243c.772-.885 1.192-1.716 1.292-2.757H1.75A1.75 1.75 0 0 1 0 10.25v-7.5C0 1.784.784 1 1.75 1ZM1.75 2.5a.25.25 0 0 0-.25.25v7.5c0 .138.112.25.25.25h12.5a.25.25 0 0 0 .25-.25v-7.5a.25.25 0 0 0-.25-.25ZM9.018 12H6.982a5.72 5.72 0 0 1-.765 2.5h3.566a5.72 5.72 0 0 1-.765-2.5Z"></path>
</svg>
</template>

        <div class="position-relative">
                <ul
                  role="listbox"
                  class="ActionListWrap QueryBuilder-ListWrap"
                  aria-label="Suggestions"
                  data-action="
                    combobox-commit:query-builder#comboboxCommit
                    mousedown:query-builder#resultsMousedown
                  "
                  data-target="query-builder.resultsList"
                  data-persist-list=false
                  id="query-builder-test-results"
                ></ul>
        </div>
      <div class="FormControl-inlineValidation" id="validation-5e33f4bb-ccba-441e-b3e6-57a3f3721761" hidden="hidden">
        <span class="FormControl-inlineValidation--visual">
          <svg aria-hidden="true" height="12" viewBox="0 0 12 12" version="1.1" width="12" data-view-component="true" class="octicon octicon-alert-fill">
    <path d="M4.855.708c.5-.896 1.79-.896 2.29 0l4.675 8.351a1.312 1.312 0 0 1-1.146 1.954H1.33A1.313 1.313 0 0 1 .183 9.058ZM7 7V3H5v4Zm-1 3a1 1 0 1 0 0-2 1 1 0 0 0 0 2Z"></path>
</svg>
        </span>
        <span></span>
</div>    </div>
    <div data-target="query-builder.screenReaderFeedback" aria-live="polite" aria-atomic="true" class="sr-only"></div>
</query-builder></form>
          <div class="d-flex flex-row color-fg-muted px-3 text-small color-bg-default search-feedback-prompt">
            <a target="_blank" href="https://docs.github.com/search-github/github-code-search/understanding-github-code-search-syntax" data-view-component="true" class="Link color-fg-accent text-normal ml-2">Search syntax tips</a>            <div class="d-flex flex-1"></div>
          </div>
        </div>
</div>

    </div>
</modal-dialog></div>
  </div>
  <div data-action="click:qbsearch-input#retract" class="dark-backdrop position-fixed" hidden data-target="qbsearch-input.darkBackdrop"></div>
  <div class="color-fg-default">
    
<dialog-helper>
  <dialog data-target="qbsearch-input.feedbackDialog" data-action="close:qbsearch-input#handleDialogClose cancel:qbsearch-input#handleDialogClose" id="feedback-dialog" aria-modal="true" aria-labelledby="feedback-dialog-title" aria-describedby="feedback-dialog-description" data-view-component="true" class="Overlay Overlay-whenNarrow Overlay--size-medium Overlay--motion-scaleFade Overlay--disableScroll">
    <div data-view-component="true" class="Overlay-header">
  <div class="Overlay-headerContentWrap">
    <div class="Overlay-titleWrap">
      <h1 class="Overlay-title " id="feedback-dialog-title">
        Provide feedback
      </h1>
        
    </div>
    <div class="Overlay-actionWrap">
      <button data-close-dialog-id="feedback-dialog" aria-label="Close" aria-label="Close" type="button" data-view-component="true" class="close-button Overlay-closeButton"><svg aria-hidden="true" height="16" viewBox="0 0 16 16" version="1.1" width="16" data-view-component="true" class="octicon octicon-x">
    <path d="M3.72 3.72a.75.75 0 0 1 1.06 0L8 6.94l3.22-3.22a.749.749 0 0 1 1.275.326.749.749 0 0 1-.215.734L9.06 8l3.22 3.22a.749.749 0 0 1-.326 1.275.749.749 0 0 1-.734-.215L8 9.06l-3.22 3.22a.751.751 0 0 1-1.042-.018.751.751 0 0 1-.018-1.042L6.94 8 3.72 4.78a.75.75 0 0 1 0-1.06Z"></path>
</svg></button>
    </div>
  </div>
  
</div>
      <scrollable-region data-labelled-by="feedback-dialog-title">
        <div data-view-component="true" class="Overlay-body">        <!-- '"` --><!-- </textarea></xmp> --></option></form><form id="code-search-feedback-form" data-turbo="false" action="/search/feedback" accept-charset="UTF-8" method="post"><input type="hidden" data-csrf="true" name="authenticity_token" value="/RmdDoJvXoSCfQ3NT1fJU5/FHfAAb7sfn1D2X2zhmzoVWKLrcrg4jW4g9VOONGjCYd1NVZzyYnnOWrG0AQF8bw==" />
          <p>We read every piece of feedback, and take your input very seriously.</p>
          <textarea name="feedback" class="form-control width-full mb-2" style="height: 120px" id="feedback"></textarea>
          <input name="include_email" id="include_email" aria-label="Include my email address so I can be contacted" class="form-control mr-2" type="checkbox">
          <label for="include_email" style="font-weight: normal">Include my email address so I can be contacted</label>
</form></div>
      </scrollable-region>
      <div data-view-component="true" class="Overlay-footer Overlay-footer--alignEnd">          <button data-close-dialog-id="feedback-dialog" type="button" data-view-component="true" class="btn">    Cancel
</button>
          <button form="code-search-feedback-form" data-action="click:qbsearch-input#submitFeedback" type="submit" data-view-component="true" class="btn-primary btn">    Submit feedback
</button>
</div>
</dialog></dialog-helper>

    <custom-scopes data-target="qbsearch-input.customScopesManager">
    
<dialog-helper>
  <dialog data-target="custom-scopes.customScopesModalDialog" data-action="close:qbsearch-input#handleDialogClose cancel:qbsearch-input#handleDialogClose" id="custom-scopes-dialog" aria-modal="true" aria-labelledby="custom-scopes-dialog-title" aria-describedby="custom-scopes-dialog-description" data-view-component="true" class="Overlay Overlay-whenNarrow Overlay--size-medium Overlay--motion-scaleFade Overlay--disableScroll">
    <div data-view-component="true" class="Overlay-header Overlay-header--divided">
  <div class="Overlay-headerContentWrap">
    <div class="Overlay-titleWrap">
      <h1 class="Overlay-title " id="custom-scopes-dialog-title">
        Saved searches
      </h1>
        <h2 id="custom-scopes-dialog-description" class="Overlay-description">Use saved searches to filter your results more quickly</h2>
    </div>
    <div class="Overlay-actionWrap">
      <button data-close-dialog-id="custom-scopes-dialog" aria-label="Close" aria-label="Close" type="button" data-view-component="true" class="close-button Overlay-closeButton"><svg aria-hidden="true" height="16" viewBox="0 0 16 16" version="1.1" width="16" data-view-component="true" class="octicon octicon-x">
    <path d="M3.72 3.72a.75.75 0 0 1 1.06 0L8 6.94l3.22-3.22a.749.749 0 0 1 1.275.326.749.749 0 0 1-.215.734L9.06 8l3.22 3.22a.749.749 0 0 1-.326 1.275.749.749 0 0 1-.734-.215L8 9.06l-3.22 3.22a.751.751 0 0 1-1.042-.018.751.751 0 0 1-.018-1.042L6.94 8 3.72 4.78a.75.75 0 0 1 0-1.06Z"></path>
</svg></button>
    </div>
  </div>
  
</div>
      <scrollable-region data-labelled-by="custom-scopes-dialog-title">
        <div data-view-component="true" class="Overlay-body">        <div data-target="custom-scopes.customScopesModalDialogFlash"></div>

        <div hidden class="create-custom-scope-form" data-target="custom-scopes.createCustomScopeForm">
        <!-- '"` --><!-- </textarea></xmp> --></option></form><form id="custom-scopes-dialog-form" data-turbo="false" action="/search/custom_scopes" accept-charset="UTF-8" method="post"><input type="hidden" data-csrf="true" name="authenticity_token" value="H+OGJShBNr9iJz2BUYN3/TSNm5+dHrrPuNq5DJh3iqE7BgCadJUDRZBj/pCrrsnrCQBVYqnKoN1vcxVFC+WbRQ==" />
          <div data-target="custom-scopes.customScopesModalDialogFlash"></div>

          <input type="hidden" id="custom_scope_id" name="custom_scope_id" data-target="custom-scopes.customScopesIdField">

          <div class="form-group">
            <label for="custom_scope_name">Name</label>
            <auto-check src="/search/custom_scopes/check_name" required>
              <input
                type="text"
                name="custom_scope_name"
                id="custom_scope_name"
                data-target="custom-scopes.customScopesNameField"
                class="form-control"
                autocomplete="off"
                placeholder="github-ruby"
                required
                maxlength="50">
              <input type="hidden" data-csrf="true" value="z/20hMJgQ16IbXYWD3t3ylES1yFj7vQ4bLwjviooufLaOGEls6+fPqNPq5WilW00XkGaGlj/a+sPs1JZsFuonw==" />
            </auto-check>
          </div>

          <div class="form-group">
            <label for="custom_scope_query">Query</label>
            <input
              type="text"
              name="custom_scope_query"
              id="custom_scope_query"
              data-target="custom-scopes.customScopesQueryField"
              class="form-control"
              autocomplete="off"
              placeholder="(repo:mona/a OR repo:mona/b) AND lang:python"
              required
              maxlength="500">
          </div>

          <p class="text-small color-fg-muted">
            To see all available qualifiers, see our <a class="Link--inTextBlock" href="https://docs.github.com/search-github/github-code-search/understanding-github-code-search-syntax">documentation</a>.
          </p>
</form>        </div>

        <div data-target="custom-scopes.manageCustomScopesForm">
          <div data-target="custom-scopes.list"></div>
        </div>

</div>
      </scrollable-region>
      <div data-view-component="true" class="Overlay-footer Overlay-footer--alignEnd Overlay-footer--divided">          <button data-action="click:custom-scopes#customScopesCancel" type="button" data-view-component="true" class="btn">    Cancel
</button>
          <button form="custom-scopes-dialog-form" data-action="click:custom-scopes#customScopesSubmit" data-target="custom-scopes.customScopesSubmitButton" type="submit" data-view-component="true" class="btn-primary btn">    Create saved search
</button>
</div>
</dialog></dialog-helper>
    </custom-scopes>
  </div>
</qbsearch-input>


            <div class="position-relative HeaderMenu-link-wrap d-lg-inline-block">
              <a
                href="/login?return_to=https%3A%2F%2Fgithub.com%2FAnantharamanLab%2FVIBRANT%2Fblob%2Fmaster%2Ffiles%2FVIBRANT_AMGs.tsv"
                class="HeaderMenu-link HeaderMenu-link--sign-in HeaderMenu-button flex-shrink-0 no-underline d-none d-lg-inline-flex border border-lg-0 rounded rounded-lg-0 px-2 py-1"
                style="margin-left: 12px;"
                data-hydro-click="{&quot;event_type&quot;:&quot;authentication.click&quot;,&quot;payload&quot;:{&quot;location_in_page&quot;:&quot;site header menu&quot;,&quot;repository_id&quot;:null,&quot;auth_type&quot;:&quot;SIGN_UP&quot;,&quot;originating_url&quot;:&quot;https://github.com/AnantharamanLab/VIBRANT/blob/master/files/VIBRANT_AMGs.tsv&quot;,&quot;user_id&quot;:null}}" data-hydro-click-hmac="49f72e10333001e5f3f51ceff06559764c13040d199c309c841e7d3b1f37358b"
                data-analytics-event="{&quot;category&quot;:&quot;Marketing nav&quot;,&quot;action&quot;:&quot;click to go to homepage&quot;,&quot;label&quot;:&quot;ref_page:Marketing;ref_cta:Sign in;ref_loc:Header&quot;}"
              >
                Sign in
              </a>
            </div>

              <a href="/signup?ref_cta=Sign+up&amp;ref_loc=header+logged+out&amp;ref_page=%2F%3Cuser-name%3E%2F%3Crepo-name%3E%2Fblob%2Fshow&amp;source=header-repo&amp;source_repo=AnantharamanLab%2FVIBRANT"
                class="HeaderMenu-link HeaderMenu-link--sign-up HeaderMenu-button flex-shrink-0 d-flex d-lg-inline-flex no-underline border color-border-default rounded px-2 py-1"
                data-hydro-click="{&quot;event_type&quot;:&quot;authentication.click&quot;,&quot;payload&quot;:{&quot;location_in_page&quot;:&quot;site header menu&quot;,&quot;repository_id&quot;:null,&quot;auth_type&quot;:&quot;SIGN_UP&quot;,&quot;originating_url&quot;:&quot;https://github.com/AnantharamanLab/VIBRANT/blob/master/files/VIBRANT_AMGs.tsv&quot;,&quot;user_id&quot;:null}}" data-hydro-click-hmac="49f72e10333001e5f3f51ceff06559764c13040d199c309c841e7d3b1f37358b"
                data-analytics-event="{&quot;category&quot;:&quot;Sign up&quot;,&quot;action&quot;:&quot;click to sign up for account&quot;,&quot;label&quot;:&quot;ref_page:/&lt;user-name&gt;/&lt;repo-name&gt;/blob/show;ref_cta:Sign up;ref_loc:header logged out&quot;}"
              >
                Sign up
              </a>

                <div class="AppHeader-appearanceSettings">
    <react-partial-anchor>
      <button data-target="react-partial-anchor.anchor" id="icon-button-101813c3-4a85-4a47-bf7d-671f343886be" aria-labelledby="tooltip-c105995f-804b-469f-be38-7c3887153ef2" type="button" disabled="disabled" data-view-component="true" class="Button Button--iconOnly Button--invisible Button--medium AppHeader-button HeaderMenu-link border cursor-wait">  <svg aria-hidden="true" height="16" viewBox="0 0 16 16" version="1.1" width="16" data-view-component="true" class="octicon octicon-sliders Button-visual">
    <path d="M15 2.75a.75.75 0 0 1-.75.75h-4a.75.75 0 0 1 0-1.5h4a.75.75 0 0 1 .75.75Zm-8.5.75v1.25a.75.75 0 0 0 1.5 0v-4a.75.75 0 0 0-1.5 0V2H1.75a.75.75 0 0 0 0 1.5H6.5Zm1.25 5.25a.75.75 0 0 0 0-1.5h-6a.75.75 0 0 0 0 1.5h6ZM15 8a.75.75 0 0 1-.75.75H11.5V10a.75.75 0 1 1-1.5 0V6a.75.75 0 0 1 1.5 0v1.25h2.75A.75.75 0 0 1 15 8Zm-9 5.25v-2a.75.75 0 0 0-1.5 0v1.25H1.75a.75.75 0 0 0 0 1.5H4.5v1.25a.75.75 0 0 0 1.5 0v-2Zm9 0a.75.75 0 0 1-.75.75h-6a.75.75 0 0 1 0-1.5h6a.75.75 0 0 1 .75.75Z"></path>
</svg>
</button><tool-tip id="tooltip-c105995f-804b-469f-be38-7c3887153ef2" for="icon-button-101813c3-4a85-4a47-bf7d-671f343886be" popover="manual" data-direction="s" data-type="label" data-view-component="true" class="sr-only position-absolute">Appearance settings</tool-tip>

      <template data-target="react-partial-anchor.template">
        <script crossorigin="anonymous" defer="defer" type="application/javascript" src="https://github.githubassets.com/assets/ui_packages_document-metadata_document-metadata_ts-ui_packages_promise-with-resolvers-polyfil-40d47c-83bb4d2a9499.js"></script>
<script crossorigin="anonymous" defer="defer" type="application/javascript" src="https://github.githubassets.com/assets/appearance-settings-99fa071d4285.js"></script>
<link crossorigin="anonymous" media="all" rel="stylesheet" href="https://github.githubassets.com/assets/primer-react.4b709a7d3ff2555208b1.module.css" />
<link crossorigin="anonymous" media="all" rel="stylesheet" href="https://github.githubassets.com/assets/appearance-settings.22dfbc22ef0a2bf02523.module.css" />

<react-partial
  partial-name="appearance-settings"
  data-ssr="false"
  data-attempted-ssr="false"
>
  
  <script type="application/json" data-target="react-partial.embeddedData">{"props":{}}</script>
  <div data-target="react-partial.reactRoot"></div>
</react-partial>

      </template>
    </react-partial-anchor>
  </div>

          <button type="button" class="sr-only js-header-menu-focus-trap d-block d-lg-none">Reseting focus</button>
        </div>
      </div>
    </div>
  </div>
</header>

      <div hidden="hidden" data-view-component="true" class="js-stale-session-flash stale-session-flash flash flash-warn flash-full">
  
        <svg aria-hidden="true" height="16" viewBox="0 0 16 16" version="1.1" width="16" data-view-component="true" class="octicon octicon-alert">
    <path d="M6.457 1.047c.659-1.234 2.427-1.234 3.086 0l6.082 11.378A1.75 1.75 0 0 1 14.082 15H1.918a1.75 1.75 0 0 1-1.543-2.575Zm1.763.707a.25.25 0 0 0-.44 0L1.698 13.132a.25.25 0 0 0 .22.368h12.164a.25.25 0 0 0 .22-.368Zm.53 3.996v2.5a.75.75 0 0 1-1.5 0v-2.5a.75.75 0 0 1 1.5 0ZM9 11a1 1 0 1 1-2 0 1 1 0 0 1 2 0Z"></path>
</svg>
        <span class="js-stale-session-flash-signed-in" hidden>You signed in with another tab or window. <a class="Link--inTextBlock" href="">Reload</a> to refresh your session.</span>
        <span class="js-stale-session-flash-signed-out" hidden>You signed out in another tab or window. <a class="Link--inTextBlock" href="">Reload</a> to refresh your session.</span>
        <span class="js-stale-session-flash-switched" hidden>You switched accounts on another tab or window. <a class="Link--inTextBlock" href="">Reload</a> to refresh your session.</span>

    <button id="icon-button-771994dc-768e-4033-afe9-c176c0016d9c" aria-labelledby="tooltip-7b0548ba-7e2e-4177-843c-9c23ea8cb077" type="button" data-view-component="true" class="Button Button--iconOnly Button--invisible Button--medium flash-close js-flash-close">  <svg aria-hidden="true" height="16" viewBox="0 0 16 16" version="1.1" width="16" data-view-component="true" class="octicon octicon-x Button-visual">
    <path d="M3.72 3.72a.75.75 0 0 1 1.06 0L8 6.94l3.22-3.22a.749.749 0 0 1 1.275.326.749.749 0 0 1-.215.734L9.06 8l3.22 3.22a.749.749 0 0 1-.326 1.275.749.749 0 0 1-.734-.215L8 9.06l-3.22 3.22a.751.751 0 0 1-1.042-.018.751.751 0 0 1-.018-1.042L6.94 8 3.72 4.78a.75.75 0 0 1 0-1.06Z"></path>
</svg>
</button><tool-tip id="tooltip-7b0548ba-7e2e-4177-843c-9c23ea8cb077" for="icon-button-771994dc-768e-4033-afe9-c176c0016d9c" popover="manual" data-direction="s" data-type="label" data-view-component="true" class="sr-only position-absolute">Dismiss alert</tool-tip>


  
</div>
    </div>

  <div id="start-of-content" class="show-on-focus"></div>








    <div id="js-flash-container" class="flash-container" data-turbo-replace>




  <template class="js-flash-template">
    
<div class="flash flash-full   {{ className }}">
  <div >
    <button autofocus class="flash-close js-flash-close" type="button" aria-label="Dismiss this message">
      <svg aria-hidden="true" height="16" viewBox="0 0 16 16" version="1.1" width="16" data-view-component="true" class="octicon octicon-x">
    <path d="M3.72 3.72a.75.75 0 0 1 1.06 0L8 6.94l3.22-3.22a.749.749 0 0 1 1.275.326.749.749 0 0 1-.215.734L9.06 8l3.22 3.22a.749.749 0 0 1-.326 1.275.749.749 0 0 1-.734-.215L8 9.06l-3.22 3.22a.751.751 0 0 1-1.042-.018.751.751 0 0 1-.018-1.042L6.94 8 3.72 4.78a.75.75 0 0 1 0-1.06Z"></path>
</svg>
    </button>
    <div aria-atomic="true" role="alert" class="js-flash-alert">
      
      <div>{{ message }}</div>

    </div>
  </div>
</div>
  </template>
</div>


    






  <div
    class="application-main "
    data-commit-hovercards-enabled
    data-discussion-hovercards-enabled
    data-issue-and-pr-hovercards-enabled
    data-project-hovercards-enabled
  >
        <div itemscope itemtype="http://schema.org/SoftwareSourceCode" class="">
    <main id="js-repo-pjax-container" >
      
      
    

    






  
  <div id="repository-container-header"  class="pt-3 hide-full-screen" style="background-color: var(--page-header-bgColor, var(--color-page-header-bg));" data-turbo-replace>

      <div class="d-flex flex-nowrap flex-justify-end mb-3  px-3 px-lg-5" style="gap: 1rem;">

        <div class="flex-auto min-width-0 width-fit">
            
  <div class=" d-flex flex-wrap flex-items-center wb-break-word f3 text-normal">
      <svg aria-hidden="true" height="16" viewBox="0 0 16 16" version="1.1" width="16" data-view-component="true" class="octicon octicon-repo color-fg-muted mr-2">
    <path d="M2 2.5A2.5 2.5 0 0 1 4.5 0h8.75a.75.75 0 0 1 .75.75v12.5a.75.75 0 0 1-.75.75h-2.5a.75.75 0 0 1 0-1.5h1.75v-2h-8a1 1 0 0 0-.714 1.7.75.75 0 1 1-1.072 1.05A2.495 2.495 0 0 1 2 11.5Zm10.5-1h-8a1 1 0 0 0-1 1v6.708A2.486 2.486 0 0 1 4.5 9h8ZM5 12.25a.25.25 0 0 1 .25-.25h3.5a.25.25 0 0 1 .25.25v3.25a.25.25 0 0 1-.4.2l-1.45-1.087a.249.249 0 0 0-.3 0L5.4 15.7a.25.25 0 0 1-.4-.2Z"></path>
</svg>
    
    <span class="author flex-self-stretch" itemprop="author">
      <a class="url fn" rel="author" data-hovercard-type="organization" data-hovercard-url="/orgs/AnantharamanLab/hovercard" data-octo-click="hovercard-link-click" data-octo-dimensions="link_type:self" href="/AnantharamanLab">
        AnantharamanLab
</a>    </span>
    <span class="mx-1 flex-self-stretch color-fg-muted">/</span>
    <strong itemprop="name" class="mr-2 flex-self-stretch">
      <a data-pjax="#repo-content-pjax-container" data-turbo-frame="repo-content-turbo-frame" href="/AnantharamanLab/VIBRANT">VIBRANT</a>
    </strong>

    <span></span><span class="Label Label--secondary v-align-middle mr-1">Public</span>
  </div>


        </div>

        <div id="repository-details-container" class="flex-shrink-0" data-turbo-replace style="max-width: 70%;">
            <ul class="pagehead-actions flex-shrink-0 d-none d-md-inline" style="padding: 2px 0;">
    
      

  <li>
            <a href="/login?return_to=%2FAnantharamanLab%2FVIBRANT" rel="nofollow" id="repository-details-watch-button" data-hydro-click="{&quot;event_type&quot;:&quot;authentication.click&quot;,&quot;payload&quot;:{&quot;location_in_page&quot;:&quot;notification subscription menu watch&quot;,&quot;repository_id&quot;:null,&quot;auth_type&quot;:&quot;LOG_IN&quot;,&quot;originating_url&quot;:&quot;https://github.com/AnantharamanLab/VIBRANT/blob/master/files/VIBRANT_AMGs.tsv&quot;,&quot;user_id&quot;:null}}" data-hydro-click-hmac="df0cbd8f7594872ad27acc31f850c006e454b968dda7bb9499b0eaf69ac3025f" aria-label="You must be signed in to change notification settings" data-view-component="true" class="btn-sm btn">    <svg aria-hidden="true" height="16" viewBox="0 0 16 16" version="1.1" width="16" data-view-component="true" class="octicon octicon-bell mr-2">
    <path d="M8 16a2 2 0 0 0 1.985-1.75c.017-.137-.097-.25-.235-.25h-3.5c-.138 0-.252.113-.235.25A2 2 0 0 0 8 16ZM3 5a5 5 0 0 1 10 0v2.947c0 .05.015.098.042.139l1.703 2.555A1.519 1.519 0 0 1 13.482 13H2.518a1.516 1.516 0 0 1-1.263-2.36l1.703-2.554A.255.255 0 0 0 3 7.947Zm5-3.5A3.5 3.5 0 0 0 4.5 5v2.947c0 .346-.102.683-.294.97l-1.703 2.556a.017.017 0 0 0-.003.01l.001.006c0 .002.002.004.004.006l.006.004.007.001h10.964l.007-.001.006-.004.004-.006.001-.007a.017.017 0 0 0-.003-.01l-1.703-2.554a1.745 1.745 0 0 1-.294-.97V5A3.5 3.5 0 0 0 8 1.5Z"></path>
</svg>Notifications
</a>    <tool-tip id="tooltip-caebe23e-ca02-4939-b22a-881ab0368b8d" for="repository-details-watch-button" popover="manual" data-direction="s" data-type="description" data-view-component="true" class="sr-only position-absolute">You must be signed in to change notification settings</tool-tip>

  </li>

  <li>
          <a icon="repo-forked" id="fork-button" href="/login?return_to=%2FAnantharamanLab%2FVIBRANT" rel="nofollow" data-hydro-click="{&quot;event_type&quot;:&quot;authentication.click&quot;,&quot;payload&quot;:{&quot;location_in_page&quot;:&quot;repo details fork button&quot;,&quot;repository_id&quot;:213996807,&quot;auth_type&quot;:&quot;LOG_IN&quot;,&quot;originating_url&quot;:&quot;https://github.com/AnantharamanLab/VIBRANT/blob/master/files/VIBRANT_AMGs.tsv&quot;,&quot;user_id&quot;:null}}" data-hydro-click-hmac="79dddc2abb674a12f51b0feeaed641234f3bed3484136b0320471057cd694eb0" data-view-component="true" class="btn-sm btn">    <svg aria-hidden="true" height="16" viewBox="0 0 16 16" version="1.1" width="16" data-view-component="true" class="octicon octicon-repo-forked mr-2">
    <path d="M5 5.372v.878c0 .414.336.75.75.75h4.5a.75.75 0 0 0 .75-.75v-.878a2.25 2.25 0 1 1 1.5 0v.878a2.25 2.25 0 0 1-2.25 2.25h-1.5v2.128a2.251 2.251 0 1 1-1.5 0V8.5h-1.5A2.25 2.25 0 0 1 3.5 6.25v-.878a2.25 2.25 0 1 1 1.5 0ZM5 3.25a.75.75 0 1 0-1.5 0 .75.75 0 0 0 1.5 0Zm6.75.75a.75.75 0 1 0 0-1.5.75.75 0 0 0 0 1.5Zm-3 8.75a.75.75 0 1 0-1.5 0 .75.75 0 0 0 1.5 0Z"></path>
</svg>Fork
    <span id="repo-network-counter" data-pjax-replace="true" data-turbo-replace="true" title="38" data-view-component="true" class="Counter">38</span>
</a>
  </li>

  <li>
        <div data-view-component="true" class="BtnGroup d-flex">
        <a href="/login?return_to=%2FAnantharamanLab%2FVIBRANT" rel="nofollow" data-hydro-click="{&quot;event_type&quot;:&quot;authentication.click&quot;,&quot;payload&quot;:{&quot;location_in_page&quot;:&quot;star button&quot;,&quot;repository_id&quot;:213996807,&quot;auth_type&quot;:&quot;LOG_IN&quot;,&quot;originating_url&quot;:&quot;https://github.com/AnantharamanLab/VIBRANT/blob/master/files/VIBRANT_AMGs.tsv&quot;,&quot;user_id&quot;:null}}" data-hydro-click-hmac="2e583910302d75adbf8a18cd6bcc0de7083aafcd24625b1c1f8d6bbee14a7e76" aria-label="You must be signed in to star a repository" data-view-component="true" class="tooltipped tooltipped-sw btn-sm btn">    <svg aria-hidden="true" height="16" viewBox="0 0 16 16" version="1.1" width="16" data-view-component="true" class="octicon octicon-star v-align-text-bottom d-inline-block mr-2">
    <path d="M8 .25a.75.75 0 0 1 .673.418l1.882 3.815 4.21.612a.75.75 0 0 1 .416 1.279l-3.046 2.97.719 4.192a.751.751 0 0 1-1.088.791L8 12.347l-3.766 1.98a.75.75 0 0 1-1.088-.79l.72-4.194L.818 6.374a.75.75 0 0 1 .416-1.28l4.21-.611L7.327.668A.75.75 0 0 1 8 .25Zm0 2.445L6.615 5.5a.75.75 0 0 1-.564.41l-3.097.45 2.24 2.184a.75.75 0 0 1 .216.664l-.528 3.084 2.769-1.456a.75.75 0 0 1 .698 0l2.77 1.456-.53-3.084a.75.75 0 0 1 .216-.664l2.24-2.183-3.096-.45a.75.75 0 0 1-.564-.41L8 2.694Z"></path>
</svg><span data-view-component="true" class="d-inline">
          Star
</span>          <span id="repo-stars-counter-star" aria-label="165 users starred this repository" data-singular-suffix="user starred this repository" data-plural-suffix="users starred this repository" data-turbo-replace="true" title="165" data-view-component="true" class="Counter js-social-count">165</span>
</a></div>
  </li>

</ul>

        </div>
      </div>

        <div id="responsive-meta-container" data-turbo-replace>
</div>


          <nav data-pjax="#js-repo-pjax-container" aria-label="Repository" data-view-component="true" class="js-repo-nav js-sidenav-container-pjax js-responsive-underlinenav overflow-hidden UnderlineNav px-3 px-md-4 px-lg-5">

  <ul data-view-component="true" class="UnderlineNav-body list-style-none">
      <li data-view-component="true" class="d-inline-flex">
  <a id="code-tab" href="/AnantharamanLab/VIBRANT" data-tab-item="i0code-tab" data-selected-links="repo_source repo_downloads repo_commits repo_releases repo_tags repo_branches repo_packages repo_deployments repo_attestations /AnantharamanLab/VIBRANT" data-pjax="#repo-content-pjax-container" data-turbo-frame="repo-content-turbo-frame" data-hotkey="g c" data-analytics-event="{&quot;category&quot;:&quot;Underline navbar&quot;,&quot;action&quot;:&quot;Click tab&quot;,&quot;label&quot;:&quot;Code&quot;,&quot;target&quot;:&quot;UNDERLINE_NAV.TAB&quot;}" aria-current="page" data-view-component="true" class="UnderlineNav-item no-wrap js-responsive-underlinenav-item js-selected-navigation-item selected">
    
              <svg aria-hidden="true" height="16" viewBox="0 0 16 16" version="1.1" width="16" data-view-component="true" class="octicon octicon-code UnderlineNav-octicon d-none d-sm-inline">
    <path d="m11.28 3.22 4.25 4.25a.75.75 0 0 1 0 1.06l-4.25 4.25a.749.749 0 0 1-1.275-.326.749.749 0 0 1 .215-.734L13.94 8l-3.72-3.72a.749.749 0 0 1 .326-1.275.749.749 0 0 1 .734.215Zm-6.56 0a.751.751 0 0 1 1.042.018.751.751 0 0 1 .018 1.042L2.06 8l3.72 3.72a.749.749 0 0 1-.326 1.275.749.749 0 0 1-.734-.215L.47 8.53a.75.75 0 0 1 0-1.06Z"></path>
</svg>
        <span data-content="Code">Code</span>
          <span id="code-repo-tab-count" data-pjax-replace="" data-turbo-replace="" title="Not available" data-view-component="true" class="Counter"></span>


    
</a></li>
      <li data-view-component="true" class="d-inline-flex">
  <a id="issues-tab" href="/AnantharamanLab/VIBRANT/issues" data-tab-item="i1issues-tab" data-selected-links="repo_issues repo_labels repo_milestones /AnantharamanLab/VIBRANT/issues" data-pjax="#repo-content-pjax-container" data-turbo-frame="repo-content-turbo-frame" data-hotkey="g i" data-analytics-event="{&quot;category&quot;:&quot;Underline navbar&quot;,&quot;action&quot;:&quot;Click tab&quot;,&quot;label&quot;:&quot;Issues&quot;,&quot;target&quot;:&quot;UNDERLINE_NAV.TAB&quot;}" data-view-component="true" class="UnderlineNav-item no-wrap js-responsive-underlinenav-item js-selected-navigation-item">
    
              <svg aria-hidden="true" height="16" viewBox="0 0 16 16" version="1.1" width="16" data-view-component="true" class="octicon octicon-issue-opened UnderlineNav-octicon d-none d-sm-inline">
    <path d="M8 9.5a1.5 1.5 0 1 0 0-3 1.5 1.5 0 0 0 0 3Z"></path><path d="M8 0a8 8 0 1 1 0 16A8 8 0 0 1 8 0ZM1.5 8a6.5 6.5 0 1 0 13 0 6.5 6.5 0 0 0-13 0Z"></path>
</svg>
        <span data-content="Issues">Issues</span>
          <span id="issues-repo-tab-count" data-pjax-replace="" data-turbo-replace="" title="53" data-view-component="true" class="Counter">53</span>


    
</a></li>
      <li data-view-component="true" class="d-inline-flex">
  <a id="pull-requests-tab" href="/AnantharamanLab/VIBRANT/pulls" data-tab-item="i2pull-requests-tab" data-selected-links="repo_pulls checks /AnantharamanLab/VIBRANT/pulls" data-pjax="#repo-content-pjax-container" data-turbo-frame="repo-content-turbo-frame" data-hotkey="g p" data-analytics-event="{&quot;category&quot;:&quot;Underline navbar&quot;,&quot;action&quot;:&quot;Click tab&quot;,&quot;label&quot;:&quot;Pull requests&quot;,&quot;target&quot;:&quot;UNDERLINE_NAV.TAB&quot;}" data-view-component="true" class="UnderlineNav-item no-wrap js-responsive-underlinenav-item js-selected-navigation-item">
    
              <svg aria-hidden="true" height="16" viewBox="0 0 16 16" version="1.1" width="16" data-view-component="true" class="octicon octicon-git-pull-request UnderlineNav-octicon d-none d-sm-inline">
    <path d="M1.5 3.25a2.25 2.25 0 1 1 3 2.122v5.256a2.251 2.251 0 1 1-1.5 0V5.372A2.25 2.25 0 0 1 1.5 3.25Zm5.677-.177L9.573.677A.25.25 0 0 1 10 .854V2.5h1A2.5 2.5 0 0 1 13.5 5v5.628a2.251 2.251 0 1 1-1.5 0V5a1 1 0 0 0-1-1h-1v1.646a.25.25 0 0 1-.427.177L7.177 3.427a.25.25 0 0 1 0-.354ZM3.75 2.5a.75.75 0 1 0 0 1.5.75.75 0 0 0 0-1.5Zm0 9.5a.75.75 0 1 0 0 1.5.75.75 0 0 0 0-1.5Zm8.25.75a.75.75 0 1 0 1.5 0 .75.75 0 0 0-1.5 0Z"></path>
</svg>
        <span data-content="Pull requests">Pull requests</span>
          <span id="pull-requests-repo-tab-count" data-pjax-replace="" data-turbo-replace="" title="1" data-view-component="true" class="Counter">1</span>


    
</a></li>
      <li data-view-component="true" class="d-inline-flex">
  <a id="actions-tab" href="/AnantharamanLab/VIBRANT/actions" data-tab-item="i3actions-tab" data-selected-links="repo_actions /AnantharamanLab/VIBRANT/actions" data-pjax="#repo-content-pjax-container" data-turbo-frame="repo-content-turbo-frame" data-hotkey="g a" data-analytics-event="{&quot;category&quot;:&quot;Underline navbar&quot;,&quot;action&quot;:&quot;Click tab&quot;,&quot;label&quot;:&quot;Actions&quot;,&quot;target&quot;:&quot;UNDERLINE_NAV.TAB&quot;}" data-view-component="true" class="UnderlineNav-item no-wrap js-responsive-underlinenav-item js-selected-navigation-item">
    
              <svg aria-hidden="true" height="16" viewBox="0 0 16 16" version="1.1" width="16" data-view-component="true" class="octicon octicon-play UnderlineNav-octicon d-none d-sm-inline">
    <path d="M8 0a8 8 0 1 1 0 16A8 8 0 0 1 8 0ZM1.5 8a6.5 6.5 0 1 0 13 0 6.5 6.5 0 0 0-13 0Zm4.879-2.773 4.264 2.559a.25.25 0 0 1 0 .428l-4.264 2.559A.25.25 0 0 1 6 10.559V5.442a.25.25 0 0 1 .379-.215Z"></path>
</svg>
        <span data-content="Actions">Actions</span>
          <span id="actions-repo-tab-count" data-pjax-replace="" data-turbo-replace="" title="Not available" data-view-component="true" class="Counter"></span>


    
</a></li>
      <li data-view-component="true" class="d-inline-flex">
  <a id="projects-tab" href="/AnantharamanLab/VIBRANT/projects" data-tab-item="i4projects-tab" data-selected-links="repo_projects new_repo_project repo_project /AnantharamanLab/VIBRANT/projects" data-pjax="#repo-content-pjax-container" data-turbo-frame="repo-content-turbo-frame" data-hotkey="g b" data-analytics-event="{&quot;category&quot;:&quot;Underline navbar&quot;,&quot;action&quot;:&quot;Click tab&quot;,&quot;label&quot;:&quot;Projects&quot;,&quot;target&quot;:&quot;UNDERLINE_NAV.TAB&quot;}" data-view-component="true" class="UnderlineNav-item no-wrap js-responsive-underlinenav-item js-selected-navigation-item">
    
              <svg aria-hidden="true" height="16" viewBox="0 0 16 16" version="1.1" width="16" data-view-component="true" class="octicon octicon-table UnderlineNav-octicon d-none d-sm-inline">
    <path d="M0 1.75C0 .784.784 0 1.75 0h12.5C15.216 0 16 .784 16 1.75v12.5A1.75 1.75 0 0 1 14.25 16H1.75A1.75 1.75 0 0 1 0 14.25ZM6.5 6.5v8h7.75a.25.25 0 0 0 .25-.25V6.5Zm8-1.5V1.75a.25.25 0 0 0-.25-.25H6.5V5Zm-13 1.5v7.75c0 .138.112.25.25.25H5v-8ZM5 5V1.5H1.75a.25.25 0 0 0-.25.25V5Z"></path>
</svg>
        <span data-content="Projects">Projects</span>
          <span id="projects-repo-tab-count" data-pjax-replace="" data-turbo-replace="" title="0" hidden="hidden" data-view-component="true" class="Counter">0</span>


    
</a></li>
      <li data-view-component="true" class="d-inline-flex">
  <a id="security-tab" href="/AnantharamanLab/VIBRANT/security" data-tab-item="i5security-tab" data-selected-links="security overview alerts policy token_scanning code_scanning /AnantharamanLab/VIBRANT/security" data-pjax="#repo-content-pjax-container" data-turbo-frame="repo-content-turbo-frame" data-hotkey="g s" data-analytics-event="{&quot;category&quot;:&quot;Underline navbar&quot;,&quot;action&quot;:&quot;Click tab&quot;,&quot;label&quot;:&quot;Security&quot;,&quot;target&quot;:&quot;UNDERLINE_NAV.TAB&quot;}" data-view-component="true" class="UnderlineNav-item no-wrap js-responsive-underlinenav-item js-selected-navigation-item">
    
              <svg aria-hidden="true" height="16" viewBox="0 0 16 16" version="1.1" width="16" data-view-component="true" class="octicon octicon-shield UnderlineNav-octicon d-none d-sm-inline">
    <path d="M7.467.133a1.748 1.748 0 0 1 1.066 0l5.25 1.68A1.75 1.75 0 0 1 15 3.48V7c0 1.566-.32 3.182-1.303 4.682-.983 1.498-2.585 2.813-5.032 3.855a1.697 1.697 0 0 1-1.33 0c-2.447-1.042-4.049-2.357-5.032-3.855C1.32 10.182 1 8.566 1 7V3.48a1.75 1.75 0 0 1 1.217-1.667Zm.61 1.429a.25.25 0 0 0-.153 0l-5.25 1.68a.25.25 0 0 0-.174.238V7c0 1.358.275 2.666 1.057 3.86.784 1.194 2.121 2.34 4.366 3.297a.196.196 0 0 0 .154 0c2.245-.956 3.582-2.104 4.366-3.298C13.225 9.666 13.5 8.36 13.5 7V3.48a.251.251 0 0 0-.174-.237l-5.25-1.68ZM8.75 4.75v3a.75.75 0 0 1-1.5 0v-3a.75.75 0 0 1 1.5 0ZM9 10.5a1 1 0 1 1-2 0 1 1 0 0 1 2 0Z"></path>
</svg>
        <span data-content="Security">Security</span>
          <include-fragment src="/AnantharamanLab/VIBRANT/security/overall-count" accept="text/fragment+html" data-nonce="v2:132527ca-01ca-026c-08c6-efadab895923" data-view-component="true"></include-fragment>

    
</a></li>
      <li data-view-component="true" class="d-inline-flex">
  <a id="insights-tab" href="/AnantharamanLab/VIBRANT/pulse" data-tab-item="i6insights-tab" data-selected-links="repo_graphs repo_contributors dependency_graph dependabot_updates pulse people community /AnantharamanLab/VIBRANT/pulse" data-pjax="#repo-content-pjax-container" data-turbo-frame="repo-content-turbo-frame" data-analytics-event="{&quot;category&quot;:&quot;Underline navbar&quot;,&quot;action&quot;:&quot;Click tab&quot;,&quot;label&quot;:&quot;Insights&quot;,&quot;target&quot;:&quot;UNDERLINE_NAV.TAB&quot;}" data-view-component="true" class="UnderlineNav-item no-wrap js-responsive-underlinenav-item js-selected-navigation-item">
    
              <svg aria-hidden="true" height="16" viewBox="0 0 16 16" version="1.1" width="16" data-view-component="true" class="octicon octicon-graph UnderlineNav-octicon d-none d-sm-inline">
    <path d="M1.5 1.75V13.5h13.75a.75.75 0 0 1 0 1.5H.75a.75.75 0 0 1-.75-.75V1.75a.75.75 0 0 1 1.5 0Zm14.28 2.53-5.25 5.25a.75.75 0 0 1-1.06 0L7 7.06 4.28 9.78a.751.751 0 0 1-1.042-.018.751.751 0 0 1-.018-1.042l3.25-3.25a.75.75 0 0 1 1.06 0L10 7.94l4.72-4.72a.751.751 0 0 1 1.042.018.751.751 0 0 1 .018 1.042Z"></path>
</svg>
        <span data-content="Insights">Insights</span>
          <span id="insights-repo-tab-count" data-pjax-replace="" data-turbo-replace="" title="Not available" data-view-component="true" class="Counter"></span>


    
</a></li>
</ul>
    <div style="visibility:hidden;" data-view-component="true" class="UnderlineNav-actions js-responsive-underlinenav-overflow position-absolute pr-3 pr-md-4 pr-lg-5 right-0">      <action-menu data-select-variant="none" data-view-component="true">
  <focus-group direction="vertical" mnemonics retain>
    <button id="action-menu-928f2b1b-b037-416b-806f-8d1bac7bef53-button" popovertarget="action-menu-928f2b1b-b037-416b-806f-8d1bac7bef53-overlay" aria-controls="action-menu-928f2b1b-b037-416b-806f-8d1bac7bef53-list" aria-haspopup="true" aria-labelledby="tooltip-17411d9f-0ced-4f06-b3c2-423fc924adf6" type="button" data-view-component="true" class="Button Button--iconOnly Button--secondary Button--medium UnderlineNav-item">  <svg aria-hidden="true" height="16" viewBox="0 0 16 16" version="1.1" width="16" data-view-component="true" class="octicon octicon-kebab-horizontal Button-visual">
    <path d="M8 9a1.5 1.5 0 1 0 0-3 1.5 1.5 0 0 0 0 3ZM1.5 9a1.5 1.5 0 1 0 0-3 1.5 1.5 0 0 0 0 3Zm13 0a1.5 1.5 0 1 0 0-3 1.5 1.5 0 0 0 0 3Z"></path>
</svg>
</button><tool-tip id="tooltip-17411d9f-0ced-4f06-b3c2-423fc924adf6" for="action-menu-928f2b1b-b037-416b-806f-8d1bac7bef53-button" popover="manual" data-direction="s" data-type="label" data-view-component="true" class="sr-only position-absolute">Additional navigation options</tool-tip>


<anchored-position data-target="action-menu.overlay" id="action-menu-928f2b1b-b037-416b-806f-8d1bac7bef53-overlay" anchor="action-menu-928f2b1b-b037-416b-806f-8d1bac7bef53-button" align="start" side="outside-bottom" anchor-offset="normal" popover="auto" data-view-component="true">
  <div data-view-component="true" class="Overlay Overlay--size-auto">
    
      <div data-view-component="true" class="Overlay-body Overlay-body--paddingNone">          <action-list>
  <div data-view-component="true">
    <ul aria-labelledby="action-menu-928f2b1b-b037-416b-806f-8d1bac7bef53-button" id="action-menu-928f2b1b-b037-416b-806f-8d1bac7bef53-list" role="menu" data-view-component="true" class="ActionListWrap--inset ActionListWrap">
        <li hidden="hidden" data-menu-item="i0code-tab" data-targets="action-list.items" role="none" data-view-component="true" class="ActionListItem">
    
    
    <a tabindex="-1" id="item-7a582028-2cf9-430d-a0a3-54605262b35f" href="/AnantharamanLab/VIBRANT" role="menuitem" data-view-component="true" class="ActionListContent ActionListContent--visual16">
        <span class="ActionListItem-visual ActionListItem-visual--leading">
          <svg aria-hidden="true" height="16" viewBox="0 0 16 16" version="1.1" width="16" data-view-component="true" class="octicon octicon-code">
    <path d="m11.28 3.22 4.25 4.25a.75.75 0 0 1 0 1.06l-4.25 4.25a.749.749 0 0 1-1.275-.326.749.749 0 0 1 .215-.734L13.94 8l-3.72-3.72a.749.749 0 0 1 .326-1.275.749.749 0 0 1 .734.215Zm-6.56 0a.751.751 0 0 1 1.042.018.751.751 0 0 1 .018 1.042L2.06 8l3.72 3.72a.749.749 0 0 1-.326 1.275.749.749 0 0 1-.734-.215L.47 8.53a.75.75 0 0 1 0-1.06Z"></path>
</svg>
        </span>
      
        <span data-view-component="true" class="ActionListItem-label">
          Code
</span>      
</a>
  
</li>
        <li hidden="hidden" data-menu-item="i1issues-tab" data-targets="action-list.items" role="none" data-view-component="true" class="ActionListItem">
    
    
    <a tabindex="-1" id="item-d40b3557-c40b-491f-bf9f-47fdb37bb5fd" href="/AnantharamanLab/VIBRANT/issues" role="menuitem" data-view-component="true" class="ActionListContent ActionListContent--visual16">
        <span class="ActionListItem-visual ActionListItem-visual--leading">
          <svg aria-hidden="true" height="16" viewBox="0 0 16 16" version="1.1" width="16" data-view-component="true" class="octicon octicon-issue-opened">
    <path d="M8 9.5a1.5 1.5 0 1 0 0-3 1.5 1.5 0 0 0 0 3Z"></path><path d="M8 0a8 8 0 1 1 0 16A8 8 0 0 1 8 0ZM1.5 8a6.5 6.5 0 1 0 13 0 6.5 6.5 0 0 0-13 0Z"></path>
</svg>
        </span>
      
        <span data-view-component="true" class="ActionListItem-label">
          Issues
</span>      
</a>
  
</li>
        <li hidden="hidden" data-menu-item="i2pull-requests-tab" data-targets="action-list.items" role="none" data-view-component="true" class="ActionListItem">
    
    
    <a tabindex="-1" id="item-84de4b7c-43b7-4634-bb70-d8014fd3d5ab" href="/AnantharamanLab/VIBRANT/pulls" role="menuitem" data-view-component="true" class="ActionListContent ActionListContent--visual16">
        <span class="ActionListItem-visual ActionListItem-visual--leading">
          <svg aria-hidden="true" height="16" viewBox="0 0 16 16" version="1.1" width="16" data-view-component="true" class="octicon octicon-git-pull-request">
    <path d="M1.5 3.25a2.25 2.25 0 1 1 3 2.122v5.256a2.251 2.251 0 1 1-1.5 0V5.372A2.25 2.25 0 0 1 1.5 3.25Zm5.677-.177L9.573.677A.25.25 0 0 1 10 .854V2.5h1A2.5 2.5 0 0 1 13.5 5v5.628a2.251 2.251 0 1 1-1.5 0V5a1 1 0 0 0-1-1h-1v1.646a.25.25 0 0 1-.427.177L7.177 3.427a.25.25 0 0 1 0-.354ZM3.75 2.5a.75.75 0 1 0 0 1.5.75.75 0 0 0 0-1.5Zm0 9.5a.75.75 0 1 0 0 1.5.75.75 0 0 0 0-1.5Zm8.25.75a.75.75 0 1 0 1.5 0 .75.75 0 0 0-1.5 0Z"></path>
</svg>
        </span>
      
        <span data-view-component="true" class="ActionListItem-label">
          Pull requests
</span>      
</a>
  
</li>
        <li hidden="hidden" data-menu-item="i3actions-tab" data-targets="action-list.items" role="none" data-view-component="true" class="ActionListItem">
    
    
    <a tabindex="-1" id="item-c2dc31bb-54c0-407d-8054-8ebda3b8a1d8" href="/AnantharamanLab/VIBRANT/actions" role="menuitem" data-view-component="true" class="ActionListContent ActionListContent--visual16">
        <span class="ActionListItem-visual ActionListItem-visual--leading">
          <svg aria-hidden="true" height="16" viewBox="0 0 16 16" version="1.1" width="16" data-view-component="true" class="octicon octicon-play">
    <path d="M8 0a8 8 0 1 1 0 16A8 8 0 0 1 8 0ZM1.5 8a6.5 6.5 0 1 0 13 0 6.5 6.5 0 0 0-13 0Zm4.879-2.773 4.264 2.559a.25.25 0 0 1 0 .428l-4.264 2.559A.25.25 0 0 1 6 10.559V5.442a.25.25 0 0 1 .379-.215Z"></path>
</svg>
        </span>
      
        <span data-view-component="true" class="ActionListItem-label">
          Actions
</span>      
</a>
  
</li>
        <li hidden="hidden" data-menu-item="i4projects-tab" data-targets="action-list.items" role="none" data-view-component="true" class="ActionListItem">
    
    
    <a tabindex="-1" id="item-0f1df347-57c3-4987-8860-5f9b305e73ea" href="/AnantharamanLab/VIBRANT/projects" role="menuitem" data-view-component="true" class="ActionListContent ActionListContent--visual16">
        <span class="ActionListItem-visual ActionListItem-visual--leading">
          <svg aria-hidden="true" height="16" viewBox="0 0 16 16" version="1.1" width="16" data-view-component="true" class="octicon octicon-table">
    <path d="M0 1.75C0 .784.784 0 1.75 0h12.5C15.216 0 16 .784 16 1.75v12.5A1.75 1.75 0 0 1 14.25 16H1.75A1.75 1.75 0 0 1 0 14.25ZM6.5 6.5v8h7.75a.25.25 0 0 0 .25-.25V6.5Zm8-1.5V1.75a.25.25 0 0 0-.25-.25H6.5V5Zm-13 1.5v7.75c0 .138.112.25.25.25H5v-8ZM5 5V1.5H1.75a.25.25 0 0 0-.25.25V5Z"></path>
</svg>
        </span>
      
        <span data-view-component="true" class="ActionListItem-label">
          Projects
</span>      
</a>
  
</li>
        <li hidden="hidden" data-menu-item="i5security-tab" data-targets="action-list.items" role="none" data-view-component="true" class="ActionListItem">
    
    
    <a tabindex="-1" id="item-f68796e3-b083-4265-ace2-9cbffccbe556" href="/AnantharamanLab/VIBRANT/security" role="menuitem" data-view-component="true" class="ActionListContent ActionListContent--visual16">
        <span class="ActionListItem-visual ActionListItem-visual--leading">
          <svg aria-hidden="true" height="16" viewBox="0 0 16 16" version="1.1" width="16" data-view-component="true" class="octicon octicon-shield">
    <path d="M7.467.133a1.748 1.748 0 0 1 1.066 0l5.25 1.68A1.75 1.75 0 0 1 15 3.48V7c0 1.566-.32 3.182-1.303 4.682-.983 1.498-2.585 2.813-5.032 3.855a1.697 1.697 0 0 1-1.33 0c-2.447-1.042-4.049-2.357-5.032-3.855C1.32 10.182 1 8.566 1 7V3.48a1.75 1.75 0 0 1 1.217-1.667Zm.61 1.429a.25.25 0 0 0-.153 0l-5.25 1.68a.25.25 0 0 0-.174.238V7c0 1.358.275 2.666 1.057 3.86.784 1.194 2.121 2.34 4.366 3.297a.196.196 0 0 0 .154 0c2.245-.956 3.582-2.104 4.366-3.298C13.225 9.666 13.5 8.36 13.5 7V3.48a.251.251 0 0 0-.174-.237l-5.25-1.68ZM8.75 4.75v3a.75.75 0 0 1-1.5 0v-3a.75.75 0 0 1 1.5 0ZM9 10.5a1 1 0 1 1-2 0 1 1 0 0 1 2 0Z"></path>
</svg>
        </span>
      
        <span data-view-component="true" class="ActionListItem-label">
          Security
</span>      
</a>
  
</li>
        <li hidden="hidden" data-menu-item="i6insights-tab" data-targets="action-list.items" role="none" data-view-component="true" class="ActionListItem">
    
    
    <a tabindex="-1" id="item-9ce64a99-fd1e-4de5-88b9-ae38122858ed" href="/AnantharamanLab/VIBRANT/pulse" role="menuitem" data-view-component="true" class="ActionListContent ActionListContent--visual16">
        <span class="ActionListItem-visual ActionListItem-visual--leading">
          <svg aria-hidden="true" height="16" viewBox="0 0 16 16" version="1.1" width="16" data-view-component="true" class="octicon octicon-graph">
    <path d="M1.5 1.75V13.5h13.75a.75.75 0 0 1 0 1.5H.75a.75.75 0 0 1-.75-.75V1.75a.75.75 0 0 1 1.5 0Zm14.28 2.53-5.25 5.25a.75.75 0 0 1-1.06 0L7 7.06 4.28 9.78a.751.751 0 0 1-1.042-.018.751.751 0 0 1-.018-1.042l3.25-3.25a.75.75 0 0 1 1.06 0L10 7.94l4.72-4.72a.751.751 0 0 1 1.042.018.751.751 0 0 1 .018 1.042Z"></path>
</svg>
        </span>
      
        <span data-view-component="true" class="ActionListItem-label">
          Insights
</span>      
</a>
  
</li>
</ul>    
</div></action-list>


</div>
      
</div></anchored-position>  </focus-group>
</action-menu></div>
</nav>

  </div>

  



<turbo-frame id="repo-content-turbo-frame" target="_top" data-turbo-action="advance" class="">
    <div id="repo-content-pjax-container" class="repository-content " >
    



    
      
    








<react-app
  app-name="react-code-view"
  initial-path="/AnantharamanLab/VIBRANT/blob/master/files/VIBRANT_AMGs.tsv"
    style="display: block; min-height: calc(100vh - 64px);"
  data-attempted-ssr="false"
  data-ssr="false"
  data-lazy="false"
  data-alternate="false"
  data-data-router-enabled="false"
>
  
  <script type="application/json" data-target="react-app.embeddedData">{"payload":{"allShortcutsEnabled":false,"fileTree":{"files":{"items":[{"name":"VIBRANT_AMGs.tsv","path":"files/VIBRANT_AMGs.tsv","contentType":"file"},{"name":"VIBRANT_KEGG_pathways_summary.tsv","path":"files/VIBRANT_KEGG_pathways_summary.tsv","contentType":"file"},{"name":"VIBRANT_categories.tsv","path":"files/VIBRANT_categories.tsv","contentType":"file"},{"name":"VIBRANT_machine_model.sav","path":"files/VIBRANT_machine_model.sav","contentType":"file"},{"name":"VIBRANT_names.tsv","path":"files/VIBRANT_names.tsv","contentType":"file"}],"totalCount":5},"":{"items":[{"name":"databases","path":"databases","contentType":"directory"},{"name":"example_data","path":"example_data","contentType":"directory"},{"name":"files","path":"files","contentType":"directory"},{"name":"scripts","path":"scripts","contentType":"directory"},{"name":"LICENSE","path":"LICENSE","contentType":"file"},{"name":"README.md","path":"README.md","contentType":"file"},{"name":"README.pdf","path":"README.pdf","contentType":"file"},{"name":"VIBRANT_run.py","path":"VIBRANT_run.py","contentType":"file"},{"name":"flowchart.pdf","path":"flowchart.pdf","contentType":"file"},{"name":"logo.png","path":"logo.png","contentType":"file"},{"name":"output_explanations.pdf","path":"output_explanations.pdf","contentType":"file"}],"totalCount":11}},"fileTreeProcessingTime":4.044739000000001,"foldersToFetch":[],"incompleteFileTree":false,"repo":{"id":213996807,"defaultBranch":"master","name":"VIBRANT","ownerLogin":"AnantharamanLab","currentUserCanPush":false,"isFork":false,"isEmpty":false,"createdAt":"2019-10-09T18:41:17.000Z","ownerAvatar":"https://avatars.githubusercontent.com/u/47664496?v=4","public":true,"private":false,"isOrgOwned":true},"codeLineWrapEnabled":false,"symbolsExpanded":false,"treeExpanded":true,"refInfo":{"name":"master","listCacheKey":"v0:1570646478.0","canEdit":false,"refType":"branch","currentOid":"a718fba5b3b514d7999634ba5ba0a1e8652a9e51"},"path":"files/VIBRANT_AMGs.tsv","currentUser":null,"blob":{"rawLines":["KO\r","K00001\r","K00002\r","K00003\r","K00005\r","K00007\r","K00008\r","K00009\r","K00010\r","K00011\r","K00012\r","K00013\r","K00014\r","K00015\r","K00016\r","K00018\r","K00019\r","K00020\r","K00021\r","K00023\r","K00024\r","K00029\r","K00030\r","K00031\r","K00032\r","K00033\r","K00034\r","K00035\r","K00036\r","K00038\r","K00039\r","K00040\r","K00041\r","K00042\r","K00043\r","K00045\r","K00048\r","K00049\r","K00050\r","K00052\r","K00053\r","K00055\r","K00058\r","K00059\r","K00060\r","K00064\r","K00065\r","K00066\r","K00067\r","K00068\r","K00074\r","K00075\r","K00077\r","K00082\r","K00084\r","K00086\r","K00087\r","K00090\r","K00093\r","K00094\r","K00097\r","K00099\r","K00100\r","K00101\r","K00102\r","K00103\r","K00104\r","K00106\r","K00108\r","K00109\r","K00114\r","K00116\r","K00117\r","K00121\r","K00122\r","K00123\r","K00124\r","K00125\r","K00126\r","K00127\r","K00128\r","K00129\r","K00130\r","K00131\r","K00132\r","K00133\r","K00134\r","K00135\r","K00137\r","K00138\r","K00140\r","K00141\r","K00143\r","K00145\r","K00146\r","K00147\r","K00148\r","K00150\r","K00151\r","K00152\r","K00156\r","K00158\r","K00161\r","K00162\r","K00163\r","K00164\r","K00166\r","K00167\r","K00169\r","K00170\r","K00171\r","K00172\r","K00174\r","K00175\r","K00176\r","K00177\r","K00186\r","K00187\r","K00188\r","K00189\r","K00192\r","K00193\r","K00194\r","K00195\r","K00196\r","K00197\r","K00198\r","K00200\r","K00201\r","K00202\r","K00203\r","K00204\r","K00205\r","K00206\r","K00207\r","K00208\r","K00209\r","K00210\r","K00211\r","K00213\r","K00214\r","K00215\r","K00217\r","K00218\r","K00220\r","K00222\r","K00223\r","K00226\r","K00227\r","K00228\r","K00230\r","K00231\r","K00232\r","K00239\r","K00240\r","K00241\r","K00242\r","K00244\r","K00245\r","K00246\r","K00247\r","K00248\r","K00249\r","K00252\r","K00253\r","K00254\r","K00255\r","K00259\r","K00260\r","K00261\r","K00262\r","K00263\r","K00265\r","K00266\r","K00270\r","K00271\r","K00273\r","K00274\r","K00275\r","K00276\r","K00278\r","K00281\r","K00282\r","K00283\r","K00285\r","K00286\r","K00287\r","K00288\r","K00290\r","K00293\r","K00294\r","K00295\r","K00297\r","K00299\r","K00300\r","K00301\r","K00302\r","K00303\r","K00304\r","K00305\r","K00314\r","K00315\r","K00316\r","K00317\r","K00318\r","K00319\r","K00320\r","K00322\r","K00324\r","K00325\r","K00330\r","K00331\r","K00332\r","K00333\r","K00334\r","K00335\r","K00336\r","K00337\r","K00338\r","K00339\r","K00340\r","K00341\r","K00342\r","K00343\r","K00355\r","K00360\r","K00362\r","K00363\r","K00365\r","K00366\r","K00367\r","K00368\r","K00370\r","K00371\r","K00372\r","K00374\r","K00376\r","K00380\r","K00381\r","K00382\r","K00383\r","K00385\r","K00387\r","K00390\r","K00392\r","K00394\r","K00395\r","K00399\r","K00400\r","K00401\r","K00402\r","K00404\r","K00405\r","K00406\r","K00407\r","K00410\r","K00411\r","K00412\r","K00413\r","K00422\r","K00423\r","K00432\r","K00435\r","K00440\r","K00441\r","K00442\r","K00443\r","K00446\r","K00448\r","K00449\r","K00450\r","K00451\r","K00452\r","K00453\r","K00455\r","K00456\r","K00457\r","K00459\r","K00461\r","K00462\r","K00463\r","K00466\r","K00467\r","K00468\r","K00469\r","K00472\r","K00480\r","K00481\r","K00483\r","K00484\r","K00486\r","K00491\r","K00499\r","K00500\r","K00502\r","K00505\r","K00507\r","K00508\r","K00511\r","K00514\r","K00515\r","K00523\r","K00528\r","K00529\r","K00531\r","K00542\r","K00544\r","K00545\r","K00547\r","K00548\r","K00549\r","K00553\r","K00558\r","K00559\r","K00562\r","K00568\r","K00570\r","K00577\r","K00578\r","K00579\r","K00580\r","K00581\r","K00582\r","K00583\r","K00584\r","K00588\r","K00594\r","K00595\r","K00600\r","K00601\r","K00602\r","K00603\r","K00605\r","K00606\r","K00608\r","K00609\r","K00610\r","K00611\r","K00613\r","K00615\r","K00616\r","K00619\r","K00620\r","K00621\r","K00622\r","K00625\r","K00626\r","K00627\r","K00630\r","K00631\r","K00632\r","K00634\r","K00635\r","K00639\r","K00640\r","K00641\r","K00643\r","K00645\r","K00647\r","K00648\r","K00651\r","K00652\r","K00654\r","K00655\r","K00656\r","K00657\r","K00658\r","K00672\r","K00673\r","K00674\r","K00677\r","K00681\r","K00687\r","K00688\r","K00689\r","K00690\r","K00691\r","K00692\r","K00693\r","K00694\r","K00695\r","K00696\r","K00697\r","K00698\r","K00700\r","K00701\r","K00702\r","K00703\r","K00705\r","K00709\r","K00720\r","K00721\r","K00728\r","K00737\r","K00748\r","K00750\r","K00763\r","K00764\r","K00765\r","K00766\r","K00767\r","K00768\r","K00771\r","K00772\r","K00788\r","K00789\r","K00790\r","K00791\r","K00793\r","K00794\r","K00795\r","K00796\r","K00797\r","K00798\r","K00799\r","K00800\r","K00801\r","K00802\r","K00803\r","K00812\r","K00813\r","K00814\r","K00817\r","K00819\r","K00820\r","K00821\r","K00822\r","K00823\r","K00824\r","K00826\r","K00830\r","K00831\r","K00832\r","K00833\r","K00835\r","K00836\r","K00839\r","K00840\r","K00841\r","K00844\r","K00845\r","K00846\r","K00847\r","K00848\r","K00849\r","K00850\r","K00851\r","K00852\r","K00853\r","K00854\r","K00855\r","K00858\r","K00859\r","K00860\r","K00861\r","K00863\r","K00864\r","K00865\r","K00867\r","K00868\r","K00869\r","K00872\r","K00873\r","K00874\r","K00875\r","K00878\r","K00879\r","K00880\r","K00881\r","K00882\r","K00883\r","K00884\r","K00885\r","K00886\r","K00891\r","K00895\r","K00899\r","K00901\r","K00912\r","K00917\r","K00918\r","K00919\r","K00925\r","K00926\r","K00927\r","K00928\r","K00929\r","K00930\r","K00931\r","K00932\r","K00933\r","K00938\r","K00941\r","K00946\r","K00949\r","K00950\r","K00952\r","K00954\r","K00955\r","K00956\r","K00957\r","K00958\r","K00963\r","K00965\r","K00966\r","K00968\r","K00969\r","K00971\r","K00972\r","K00973\r","K00975\r","K00978\r","K00979\r","K00981\r","K00983\r","K00988\r","K00991\r","K00992\r","K00993\r","K00995\r","K00998\r","K00999\r","K01000\r","K01001\r","K01003\r","K01006\r","K01007\r","K01008\r","K01011\r","K01012\r","K01026\r","K01027\r","K01028\r","K01029\r","K01031\r","K01032\r","K01034\r","K01035\r","K01039\r","K01040\r","K01042\r","K01046\r","K01047\r","K01051\r","K01053\r","K01054\r","K01055\r","K01057\r","K01058\r","K01061\r","K01067\r","K01069\r","K01070\r","K01071\r","K01075\r","K01077\r","K01079\r","K01080\r","K01082\r","K01083\r","K01086\r","K01087\r","K01089\r","K01091\r","K01092\r","K01093\r","K01095\r","K01096\r","K01097\r","K01103\r","K01113\r","K01114\r","K01115\r","K01117\r","K01127\r","K01132\r","K01135\r","K01136\r","K01137\r","K01176\r","K01178\r","K01179\r","K01182\r","K01183\r","K01184\r","K01186\r","K01187\r","K01188\r","K01190\r","K01193\r","K01194\r","K01195\r","K01197\r","K01198\r","K01200\r","K01201\r","K01202\r","K01205\r","K01207\r","K01208\r","K01209\r","K01210\r","K01214\r","K01217\r","K01218\r","K01220\r","K01226\r","K01230\r","K01232\r","K01233\r","K01236\r","K01243\r","K01244\r","K01251\r","K01255\r","K01256\r","K01259\r","K01270\r","K01424\r","K01425\r","K01426\r","K01427\r","K01428\r","K01429\r","K01430\r","K01431\r","K01432\r","K01437\r","K01438\r","K01439\r","K01442\r","K01443\r","K01451\r","K01452\r","K01455\r","K01457\r","K01458\r","K01460\r","K01464\r","K01465\r","K01468\r","K01469\r","K01470\r","K01473\r","K01474\r","K01476\r","K01478\r","K01479\r","K01480\r","K01484\r","K01491\r","K01492\r","K01495\r","K01496\r","K01497\r","K01498\r","K01499\r","K01500\r","K01501\r","K01505\r","K01506\r","K01512\r","K01523\r","K01535\r","K01555\r","K01556\r","K01560\r","K01561\r","K01563\r","K01565\r","K01568\r","K01569\r","K01571\r","K01573\r","K01574\r","K01577\r","K01578\r","K01579\r","K01580\r","K01581\r","K01582\r","K01583\r","K01584\r","K01585\r","K01586\r","K01588\r","K01589\r","K01590\r","K01591\r","K01593\r","K01594\r","K01595\r","K01596\r","K01597\r","K01598\r","K01599\r","K01601\r","K01602\r","K01607\r","K01608\r","K01609\r","K01610\r","K01611\r","K01613\r","K01615\r","K01617\r","K01619\r","K01620\r","K01621\r","K01622\r","K01623\r","K01624\r","K01625\r","K01626\r","K01627\r","K01628\r","K01629\r","K01630\r","K01631\r","K01633\r","K01634\r","K01635\r","K01637\r","K01638\r","K01639\r","K01640\r","K01641\r","K01647\r","K01649\r","K01652\r","K01653\r","K01654\r","K01655\r","K01657\r","K01658\r","K01659\r","K01661\r","K01662\r","K01663\r","K01666\r","K01667\r","K01673\r","K01674\r","K01676\r","K01677\r","K01678\r","K01679\r","K01681\r","K01682\r","K01684\r","K01685\r","K01686\r","K01687\r","K01689\r","K01690\r","K01692\r","K01693\r","K01695\r","K01696\r","K01697\r","K01698\r","K01699\r","K01703\r","K01704\r","K01705\r","K01706\r","K01707\r","K01708\r","K01709\r","K01710\r","K01711\r","K01712\r","K01713\r","K01714\r","K01716\r","K01719\r","K01720\r","K01721\r","K01724\r","K01725\r","K01728\r","K01729\r","K01730\r","K01731\r","K01733\r","K01734\r","K01735\r","K01736\r","K01737\r","K01738\r","K01739\r","K01740\r","K01743\r","K01744\r","K01745\r","K01746\r","K01749\r","K01750\r","K01752\r","K01753\r","K01754\r","K01755\r","K01756\r","K01757\r","K01758\r","K01759\r","K01760\r","K01761\r","K01762\r","K01770\r","K01771\r","K01772\r","K01775\r","K01776\r","K01777\r","K01778\r","K01779\r","K01782\r","K01783\r","K01784\r","K01785\r","K01787\r","K01788\r","K01790\r","K01791\r","K01792\r","K01793\r","K01795\r","K01796\r","K01799\r","K01800\r","K01801\r","K01803\r","K01804\r","K01805\r","K01807\r","K01808\r","K01809\r","K01810\r","K01812\r","K01813\r","K01814\r","K01815\r","K01816\r","K01817\r","K01818\r","K01819\r","K01820\r","K01821\r","K01822\r","K01823\r","K01825\r","K01826\r","K01834\r","K01835\r","K01840\r","K01841\r","K01843\r","K01844\r","K01845\r","K01846\r","K01847\r","K01848\r","K01849\r","K01850\r","K01851\r","K01852\r","K01854\r","K01856\r","K01857\r","K01858\r","K01860\r","K01874\r","K01885\r","K01886\r","K01895\r","K01896\r","K01897\r","K01902\r","K01903\r","K01904\r","K01905\r","K01906\r","K01907\r","K01908\r","K01911\r","K01912\r","K01914\r","K01915\r","K01916\r","K01918\r","K01919\r","K01920\r","K01921\r","K01923\r","K01924\r","K01925\r","K01928\r","K01929\r","K01933\r","K01934\r","K01935\r","K01938\r","K01939\r","K01940\r","K01941\r","K01945\r","K01947\r","K01950\r","K01951\r","K01952\r","K01953\r","K01955\r","K01956\r","K01958\r","K01959\r","K01960\r","K01961\r","K01962\r","K01963\r","K01964\r","K01965\r","K01966\r","K01968\r","K01969\r","K02078\r","K02079\r","K02080\r","K02083\r","K02092\r","K02093\r","K02094\r","K02095\r","K02096\r","K02097\r","K02107\r","K02108\r","K02109\r","K02110\r","K02111\r","K02112\r","K02113\r","K02114\r","K02115\r","K02117\r","K02118\r","K02119\r","K02120\r","K02121\r","K02122\r","K02123\r","K02124\r","K02133\r","K02160\r","K02169\r","K02170\r","K02188\r","K02189\r","K02190\r","K02191\r","K02201\r","K02203\r","K02204\r","K02224\r","K02225\r","K02226\r","K02227\r","K02228\r","K02229\r","K02230\r","K02231\r","K02232\r","K02233\r","K02257\r","K02258\r","K02259\r","K02274\r","K02275\r","K02276\r","K02277\r","K02284\r","K02285\r","K02286\r","K02287\r","K02288\r","K02289\r","K02290\r","K02291\r","K02293\r","K02294\r","K02297\r","K02298\r","K02299\r","K02300\r","K02302\r","K02303\r","K02304\r","K02305\r","K02361\r","K02371\r","K02372\r","K02377\r","K02433\r","K02434\r","K02435\r","K02437\r","K02438\r","K02439\r","K02446\r","K02472\r","K02473\r","K02474\r","K02492\r","K02495\r","K02496\r","K02500\r","K02501\r","K02502\r","K02509\r","K02510\r","K02517\r","K02527\r","K02535\r","K02536\r","K02545\r","K02548\r","K02549\r","K02551\r","K02552\r","K02554\r","K02560\r","K02563\r","K02564\r","K02567\r","K02568\r","K02586\r","K02588\r","K02591\r","K02609\r","K02610\r","K02611\r","K02612\r","K02613\r","K02614\r","K02615\r","K02618\r","K02626\r","K02628\r","K02629\r","K02630\r","K02631\r","K02632\r","K02634\r","K02635\r","K02636\r","K02637\r","K02640\r","K02641\r","K02642\r","K02643\r","K02689\r","K02690\r","K02691\r","K02692\r","K02693\r","K02694\r","K02703\r","K02704\r","K02705\r","K02706\r","K02707\r","K02708\r","K02744\r","K02745\r","K02746\r","K02747\r","K02768\r","K02769\r","K02770\r","K02773\r","K02774\r","K02775\r","K02777\r","K02778\r","K02779\r","K02781\r","K02782\r","K02783\r","K02786\r","K02787\r","K02788\r","K02790\r","K02791\r","K02793\r","K02794\r","K02795\r","K02796\r","K02798\r","K02799\r","K02800\r","K02812\r","K02813\r","K02814\r","K02815\r","K02821\r","K02822\r","K02826\r","K02827\r","K02828\r","K02829\r","K02840\r","K02841\r","K02843\r","K02844\r","K02847\r","K02848\r","K02849\r","K02850\r","K02851\r","K02858\r","K03077\r","K03078\r","K03079\r","K03147\r","K03148\r","K03149\r","K03150\r","K03151\r","K03153\r","K03179\r","K03181\r","K03182\r","K03183\r","K03184\r","K03185\r","K03186\r","K03268\r","K03269\r","K03270\r","K03271\r","K03272\r","K03273\r","K03274\r","K03275\r","K03276\r","K03277\r","K03278\r","K03279\r","K03280\r","K03330\r","K03331\r","K03335\r","K03336\r","K03337\r","K03338\r","K03339\r","K03340\r","K03341\r","K03343\r","K03365\r","K03367\r","K03381\r","K03382\r","K03383\r","K03385\r","K03388\r","K03389\r","K03390\r","K03391\r","K03392\r","K03394\r","K03396\r","K03399\r","K03403\r","K03404\r","K03405\r","K03416\r","K03417\r","K03421\r","K03422\r","K03426\r","K03428\r","K03429\r","K03430\r","K03431\r","K03462\r","K03464\r","K03472\r","K03473\r","K03474\r","K03475\r","K03476\r","K03517\r","K03524\r","K03525\r","K03526\r","K03527\r","K03532\r","K03533\r","K03621\r","K03635\r","K03637\r","K03638\r","K03639\r","K03644\r","K03689\r","K03692\r","K03693\r","K03707\r","K03715\r","K03735\r","K03736\r","K03737\r","K03738\r","K03750\r","K03752\r","K03760\r","K03777\r","K03778\r","K03779\r","K03780\r","K03781\r","K03782\r","K03785\r","K03786\r","K03788\r","K03794\r","K03795\r","K03800\r","K03801\r","K03809\r","K03821\r","K03831\r","K03841\r","K03850\r","K03851\r","K03852\r","K03856\r","K03886\r","K03887\r","K03888\r","K03889\r","K03890\r","K03891\r","K03894\r","K03895\r","K03896\r","K03897\r","K03921\r","K03922\r","K03940\r","K03941\r","K03943\r","K04019\r","K04020\r","K04021\r","K04022\r","K04032\r","K04034\r","K04035\r","K04036\r","K04037\r","K04038\r","K04039\r","K04040\r","K04041\r","K04042\r","K04072\r","K04073\r","K04091\r","K04092\r","K04093\r","K04097\r","K04098\r","K04100\r","K04101\r","K04102\r","K04103\r","K04105\r","K04107\r","K04108\r","K04109\r","K04110\r","K04112\r","K04113\r","K04114\r","K04115\r","K04116\r","K04117\r","K04118\r","K04126\r","K04127\r","K04128\r","K04341\r","K04342\r","K04478\r","K04480\r","K04486\r","K04487\r","K04516\r","K04517\r","K04518\r","K04561\r","K04618\r","K04708\r","K04712\r","K04718\r","K04719\r","K04835\r","K05275\r","K05286\r","K05288\r","K05296\r","K05299\r","K05301\r","K05304\r","K05305\r","K05306\r","K05307\r","K05308\r","K05309\r","K05341\r","K05342\r","K05343\r","K05349\r","K05350\r","K05351\r","K05352\r","K05358\r","K05362\r","K05363\r","K05366\r","K05368\r","K05375\r","K05376\r","K05377\r","K05378\r","K05379\r","K05380\r","K05381\r","K05382\r","K05383\r","K05384\r","K05385\r","K05386\r","K05396\r","K05523\r","K05526\r","K05535\r","K05549\r","K05550\r","K05551\r","K05552\r","K05553\r","K05554\r","K05555\r","K05556\r","K05572\r","K05573\r","K05574\r","K05575\r","K05576\r","K05577\r","K05578\r","K05579\r","K05580\r","K05581\r","K05582\r","K05583\r","K05584\r","K05585\r","K05586\r","K05587\r","K05588\r","K05597\r","K05599\r","K05600\r","K05601\r","K05602\r","K05603\r","K05605\r","K05606\r","K05708\r","K05709\r","K05710\r","K05711\r","K05712\r","K05713\r","K05714\r","K05774\r","K05780\r","K05783\r","K05784\r","K05797\r","K05822\r","K05823\r","K05824\r","K05825\r","K05827\r","K05828\r","K05829\r","K05830\r","K05831\r","K05878\r","K05879\r","K05881\r","K05884\r","K05887\r","K05895\r","K05898\r","K05917\r","K05921\r","K05928\r","K05934\r","K05936\r","K05942\r","K05947\r","K05973\r","K05979\r","K06001\r","K06016\r","K06034\r","K06041\r","K06042\r","K06044\r","K06048\r","K06117\r","K06118\r","K06125\r","K06131\r","K06132\r","K06134\r","K06151\r","K06152\r","K06162\r","K06163\r","K06164\r","K06165\r","K06166\r","K06167\r","K06208\r","K06209\r","K06211\r","K06443\r","K06444\r","K06445\r","K06446\r","K06447\r","K06606\r","K06718\r","K06720\r","K06859\r","K06863\r","K06879\r","K06881\r","K06896\r","K06914\r","K06920\r","K06949\r","K06981\r","K06982\r","K06989\r","K06998\r","K07008\r","K07009\r","K07026\r","K07029\r","K07046\r","K07072\r","K07102\r","K07104\r","K07106\r","K07130\r","K07144\r","K07151\r","K07160\r","K07173\r","K07232\r","K07246\r","K07248\r","K07250\r","K07251\r","K07255\r","K07256\r","K07258\r","K07260\r","K07306\r","K07307\r","K07308\r","K07404\r","K07405\r","K07406\r","K07407\r","K07441\r","K07508\r","K07509\r","K07516\r","K07518\r","K07534\r","K07535\r","K07536\r","K07537\r","K07538\r","K07539\r","K07540\r","K07543\r","K07544\r","K07545\r","K07546\r","K07547\r","K07548\r","K07549\r","K07550\r","K07732\r","K07751\r","K07806\r","K07811\r","K07812\r","K07821\r","K07824\r","K07964\r","K08081\r","K08088\r","K08092\r","K08093\r","K08094\r","K08096\r","K08097\r","K08246\r","K08256\r","K08260\r","K08261\r","K08264\r","K08265\r","K08281\r","K08289\r","K08302\r","K08310\r","K08318\r","K08322\r","K08323\r","K08324\r","K08325\r","K08351\r","K08352\r","K08353\r","K08354\r","K08357\r","K08358\r","K08359\r","K08591\r","K08678\r","K08679\r","K08680\r","K08685\r","K08687\r","K08688\r","K08689\r","K08690\r","K08691\r","K08692\r","K08710\r","K08744\r","K08764\r","K08963\r","K08964\r","K08965\r","K08966\r","K08967\r","K08969\r","K09007\r","K09011\r","K09019\r","K09020\r","K09021\r","K09023\r","K09065\r","K09251\r","K09457\r","K09458\r","K09459\r","K09470\r","K09471\r","K09472\r","K09473\r","K09474\r","K09478\r","K09482\r","K09483\r","K09673\r","K09680\r","K09698\r","K09699\r","K09709\r","K09722\r","K09733\r","K09758\r","K09778\r","K09788\r","K09789\r","K09828\r","K09829\r","K09833\r","K09834\r","K09835\r","K09844\r","K09845\r","K09846\r","K09847\r","K09880\r","K09882\r","K09883\r","K09953\r","K10011\r","K10012\r","K10026\r","K10027\r","K10150\r","K10187\r","K10206\r","K10216\r","K10217\r","K10218\r","K10219\r","K10220\r","K10221\r","K10222\r","K10251\r","K10535\r","K10536\r","K10566\r","K10616\r","K10617\r","K10618\r","K10619\r","K10620\r","K10621\r","K10622\r","K10623\r","K10674\r","K10676\r","K10700\r","K10702\r","K10703\r","K10712\r","K10713\r","K10714\r","K10764\r","K10774\r","K10775\r","K10780\r","K10793\r","K10794\r","K10797\r","K10810\r","K10814\r","K10815\r","K10816\r","K10817\r","K10944\r","K10945\r","K10946\r","K10960\r","K10977\r","K10978\r","K10984\r","K10985\r","K10986\r","K11153\r","K11175\r","K11177\r","K11178\r","K11180\r","K11181\r","K11212\r","K11214\r","K11258\r","K11260\r","K11261\r","K11263\r","K11264\r","K11311\r","K11358\r","K11381\r","K11389\r","K11395\r","K11410\r","K11415\r","K11440\r","K11441\r","K11472\r","K11473\r","K11517\r","K11528\r","K11529\r","K11532\r","K11533\r","K11540\r","K11645\r","K11646\r","K11693\r","K11694\r","K11695\r","K11717\r","K11752\r","K11753\r","K11754\r","K11755\r","K11779\r","K11780\r","K11781\r","K11788\r","K11816\r","K11943\r","K11944\r","K11945\r","K11946\r","K11947\r","K11987\r","K12073\r","K12111\r","K12112\r","K12234\r","K12250\r","K12251\r","K12252\r","K12253\r","K12254\r","K12255\r","K12256\r","K12339\r","K12349\r","K12351\r","K12373\r","K12405\r","K12420\r","K12446\r","K12447\r","K12448\r","K12449\r","K12450\r","K12452\r","K12453\r","K12454\r","K12455\r","K12506\r","K12524\r","K12525\r","K12526\r","K12551\r","K12552\r","K12553\r","K12554\r","K12555\r","K12556\r","K12570\r","K12658\r","K12659\r","K12660\r","K12661\r","K12673\r","K12674\r","K12675\r","K12676\r","K12677\r","K12701\r","K12702\r","K12703\r","K12704\r","K12709\r","K12710\r","K12711\r","K12712\r","K12713\r","K12743\r","K12744\r","K12745\r","K12960\r","K12972\r","K12977\r","K13010\r","K13014\r","K13015\r","K13016\r","K13017\r","K13018\r","K13019\r","K13020\r","K13037\r","K13038\r","K13039\r","K13042\r","K13051\r","K13057\r","K13060\r","K13061\r","K13062\r","K13063\r","K13065\r","K13273\r","K13290\r","K13307\r","K13308\r","K13309\r","K13310\r","K13311\r","K13312\r","K13313\r","K13315\r","K13316\r","K13317\r","K13318\r","K13322\r","K13326\r","K13327\r","K13328\r","K13329\r","K13330\r","K13371\r","K13372\r","K13378\r","K13379\r","K13380\r","K13381\r","K13479\r","K13480\r","K13481\r","K13482\r","K13483\r","K13485\r","K13497\r","K13498\r","K13500\r","K13501\r","K13503\r","K13509\r","K13522\r","K13524\r","K13540\r","K13541\r","K13542\r","K13543\r","K13566\r","K13609\r","K13668\r","K13669\r","K13677\r","K13679\r","K13686\r","K13713\r","K13745\r","K13746\r","K13747\r","K13766\r","K13767\r","K13786\r","K13787\r","K13788\r","K13789\r","K13799\r","K13810\r","K13811\r","K13812\r","K13818\r","K13821\r","K13829\r","K13830\r","K13831\r","K13832\r","K13853\r","K13873\r","K13874\r","K13875\r","K13876\r","K13877\r","K13919\r","K13920\r","K13921\r","K13938\r","K13940\r","K13941\r","K13942\r","K13953\r","K13954\r","K13967\r","K13990\r","K13995\r","K14028\r","K14029\r","K14048\r","K14067\r","K14080\r","K14081\r","K14082\r","K14083\r","K14084\r","K14126\r","K14127\r","K14128\r","K14138\r","K14153\r","K14155\r","K14157\r","K14170\r","K14187\r","K14188\r","K14250\r","K14251\r","K14252\r","K14253\r","K14254\r","K14255\r","K14256\r","K14257\r","K14259\r","K14260\r","K14266\r","K14267\r","K14268\r","K14273\r","K14274\r","K14275\r","K14286\r","K14335\r","K14340\r","K14366\r","K14367\r","K14368\r","K14369\r","K14370\r","K14371\r","K14372\r","K14373\r","K14374\r","K14375\r","K14379\r","K14424\r","K14446\r","K14447\r","K14448\r","K14449\r","K14451\r","K14459\r","K14465\r","K14466\r","K14467\r","K14468\r","K14469\r","K14470\r","K14471\r","K14472\r","K14481\r","K14482\r","K14519\r","K14520\r","K14534\r","K14578\r","K14579\r","K14580\r","K14581\r","K14582\r","K14583\r","K14584\r","K14585\r","K14599\r","K14600\r","K14605\r","K14606\r","K14626\r","K14627\r","K14628\r","K14629\r","K14630\r","K14631\r","K14632\r","K14652\r","K14653\r","K14654\r","K14656\r","K14681\r","K14682\r","K14727\r","K14748\r","K14749\r","K14750\r","K14751\r","K14940\r","K14941\r","K14974\r","K14977\r","K15016\r","K15017\r","K15018\r","K15019\r","K15020\r","K15022\r","K15023\r","K15024\r","K15036\r","K15037\r","K15038\r","K15039\r","K15052\r","K15067\r","K15226\r","K15228\r","K15229\r","K15230\r","K15231\r","K15232\r","K15233\r","K15234\r","K15236\r","K15237\r","K15238\r","K15239\r","K15241\r","K15242\r","K15253\r","K15314\r","K15320\r","K15357\r","K15359\r","K15371\r","K15372\r","K15373\r","K15376\r","K15408\r","K15633\r","K15634\r","K15635\r","K15652\r","K15717\r","K15729\r","K15736\r","K15737\r","K15745\r","K15746\r","K15749\r","K15750\r","K15751\r","K15752\r","K15753\r","K15754\r","K15755\r","K15756\r","K15757\r","K15758\r","K15760\r","K15761\r","K15762\r","K15763\r","K15764\r","K15765\r","K15778\r","K15783\r","K15784\r","K15786\r","K15792\r","K15855\r","K15860\r","K15862\r","K15863\r","K15864\r","K15866\r","K15876\r","K15885\r","K15886\r","K15893\r","K15894\r","K15895\r","K15896\r","K15897\r","K15898\r","K15899\r","K15907\r","K15910\r","K15912\r","K15913\r","K15916\r","K15918\r","K15921\r","K15941\r","K15942\r","K15943\r","K15944\r","K15968\r","K15969\r","K15970\r","K15971\r","K15972\r","K15982\r","K15983\r","K15996\r","K15997\r","K16011\r","K16043\r","K16044\r","K16047\r","K16048\r","K16049\r","K16050\r","K16055\r","K16066\r","K16146\r","K16147\r","K16148\r","K16149\r","K16150\r","K16153\r","K16157\r","K16158\r","K16159\r","K16160\r","K16161\r","K16162\r","K16163\r","K16164\r","K16165\r","K16171\r","K16173\r","K16176\r","K16177\r","K16178\r","K16179\r","K16180\r","K16181\r","K16182\r","K16190\r","K16242\r","K16243\r","K16244\r","K16245\r","K16246\r","K16249\r","K16268\r","K16269\r","K16303\r","K16304\r","K16305\r","K16306\r","K16319\r","K16320\r","K16342\r","K16363\r","K16370\r","K16371\r","K16421\r","K16422\r","K16423\r","K16431\r","K16435\r","K16436\r","K16437\r","K16438\r","K16439\r","K16514\r","K16515\r","K16593\r","K16619\r","K16649\r","K16650\r","K16792\r","K16793\r","K16838\r","K16839\r","K16840\r","K16841\r","K16842\r","K16843\r","K16844\r","K16845\r","K16846\r","K16849\r","K16850\r","K16856\r","K16870\r","K16871\r","K16873\r","K16876\r","K16877\r","K16878\r","K16879\r","K16880\r","K16881\r","K16901\r","K16902\r","K16936\r","K16937\r","K16950\r","K16951\r","K16952\r","K16953\r","K16954\r","K16955\r","K16964\r","K16965\r","K16966\r","K16968\r","K16969\r","K17048\r","K17049\r","K17067\r","K17103\r","K17108\r","K17195\r","K17216\r","K17217\r","K17219\r","K17220\r","K17221\r","K17222\r","K17223\r","K17224\r","K17225\r","K17226\r","K17227\r","K17228\r","K17229\r","K17230\r","K17285\r","K17398\r","K17462\r","K17463\r","K17476\r","K17486\r","K17487\r","K17488\r","K17625\r","K17716\r","K17717\r","K17722\r","K17723\r","K17743\r","K17744\r","K17745\r","K17747\r","K17748\r","K17749\r","K17750\r","K17753\r","K17755\r","K17818\r","K17828\r","K17829\r","K17865\r","K17872\r","K17898\r","K17899\r","K17939\r","K17942\r","K17950\r","K17989\r","K18011\r","K18012\r","K18013\r","K18014\r","K18020\r","K18021\r","K18022\r","K18028\r","K18029\r","K18030\r","K18049\r","K18056\r","K18057\r","K18062\r","K18067\r","K18068\r","K18069\r","K18074\r","K18075\r","K18076\r","K18077\r","K18087\r","K18088\r","K18089\r","K18090\r","K18091\r","K18092\r","K18106\r","K18118\r","K18119\r","K18120\r","K18121\r","K18122\r","K18123\r","K18124\r","K18125\r","K18126\r","K18127\r","K18128\r","K18151\r","K18153\r","K18209\r","K18210\r","K18223\r","K18224\r","K18225\r","K18226\r","K18227\r","K18240\r","K18242\r","K18243\r","K18248\r","K18249\r","K18251\r","K18252\r","K18253\r","K18254\r","K18255\r","K18256\r","K18257\r","K18276\r","K18277\r","K18282\r","K18284\r","K18288\r","K18289\r","K18290\r","K18291\r","K18292\r","K18293\r","K18310\r","K18312\r","K18315\r","K18316\r","K18317\r","K18318\r","K18319\r","K18333\r","K18334\r","K18335\r","K18336\r","K18337\r","K18355\r","K18356\r","K18357\r","K18358\r","K18359\r","K18360\r","K18361\r","K18362\r","K18363\r","K18364\r","K18365\r","K18366\r","K18369\r","K18370\r","K18371\r","K18372\r","K18382\r","K18383\r","K18429\r","K18430\r","K18431\r","K18471\r","K18472\r","K18473\r","K18534\r","K18556\r","K18557\r","K18558\r","K18562\r","K18582\r","K18583\r","K18589\r","K18590\r","K18591\r","K18593\r","K18594\r","K18602\r","K18603\r","K18604\r","K18605\r","K18607\r","K18649\r","K18652\r","K18653\r","K18654\r","K18660\r","K18661\r","K18662\r","K18675\r","K18676\r","K18677\r","K18687\r","K18689\r","K18690\r","K18800\r","K18818\r","K18824\r","K18825\r","K18836\r","K18851\r","K18859\r","K18860\r","K18861\r","K18896\r","K18897\r","K18911\r","K18912\r","K18913\r","K18933\r","K18966\r","K18974\r","K18978\r","K18981\r","K18982\r","K18983\r","K19002\r","K19003\r","K19004\r","K19005\r","K19064\r","K19067\r","K19073\r","K19102\r","K19103\r","K19104\r","K19105\r","K19106\r","K19185\r","K19186\r","K19187\r","K19188\r","K19200\r","K19221\r","K19222\r","K19243\r","K19244\r","K19246\r","K19266\r","K19267\r","K19268\r","K19280\r","K19281\r","K19282\r","K19285\r","K19286\r","K19290\r","K19291\r","K19312\r","K19355\r","K19412\r","K19515\r","K19516\r","K19517\r","K19546\r","K19547\r","K19548\r","K19549\r","K19550\r","K19551\r","K19560\r","K19561\r","K19563\r","K19569\r","K19588\r","K19632\r","K19633\r","K19643\r","K19644\r","K19645\r","K19660\r","K19668\r","K19669\r","K19670\r","K19696\r","K19697\r","K19700\r","K19709\r","K19712\r","K19743\r","K19744\r","K19745\r","K19746\r","K19787\r","K19793\r","K19794\r","K19795\r","K19813\r","K19818\r","K19819\r","K19820\r","K19826\r","K19837\r","K19853\r","K19854\r","K19855\r","K19856\r","K19857\r","K19872\r","K19873\r","K19956\r","K19962\r","K19965\r","K19969\r","K19974\r","K19979\r","K19981\r","K19982\r","K20021\r","K20023\r","K20034\r","K20035\r","K20036\r","K20075\r","K20076\r","K20077\r","K20078\r","K20079\r","K20080\r","K20081\r","K20082\r","K20086\r","K20087\r","K20088\r","K20089\r","K20090\r","K20116\r","K20117\r","K20118\r","K20146\r","K20155\r","K20156\r","K20158\r","K20159\r","K20169\r","K20170\r","K20171\r","K20172\r","K20204\r","K20219\r","K20248\r","K20249\r","K20250\r","K20260\r","K20261\r","K20262\r","K20370\r","K20420\r","K20421\r","K20422\r","K20423\r","K20424\r","K20425\r","K20426\r","K20427\r","K20428\r","K20430\r","K20431\r","K20432\r","K20433\r","K20434\r","K20435\r","K20436\r","K20437\r","K20438\r","K20445\r","K20446\r","K20447\r","K20448\r","K20455\r","K20458\r","K20509\r","K20547\r","K20626\r","K20627\r","K20713\r","K20772\r","K20801\r","K20807\r","K20811\r","K20812\r","K20844\r","K20860\r","K20861\r","K20862\r","K20895\r","K20896\r","K20935\r","K20940\r","K20967\r","K21030\r","K21060\r","K21061\r","K21062\r","K21063\r","K21064\r","K21071\r","K21103\r","K21142\r","K21146\r","K21160\r","K21161\r","K21162\r","K21163\r","K21164\r","K21165\r","K21166\r","K21167\r","K21169\r","K21170\r","K21171\r","K21172\r","K21173\r","K21174\r","K21175\r","K21176\r","K21177\r","K21178\r","K21179\r","K21181\r","K21182\r","K21184\r","K21185\r","K21188\r","K21191\r","K21192\r","K21195\r","K21196\r","K21219\r","K21220\r","K21224\r","K21231\r","K21254\r","K21255\r","K21256\r","K21257\r","K21258\r","K21259\r","K21260\r","K21261\r","K21262\r","K21263\r","K21271\r","K21272\r","K21297\r","K21301\r","K21302\r","K21307\r","K21308\r","K21309\r","K21310\r","K21328\r","K21344\r","K21345\r","K21428\r","K21479\r","K21480\r","K21574\r","K21607\r","K21610\r","K21611\r","K21612\r","K21619\r","K21620\r","K21621\r","K21622\r","K21647\r","K21648\r","K21672\r","K21680\r","K21681\r","K21721\r","K21722\r","K21723\r","K21749\r","K21778\r","K21779\r","K21780\r","K21781\r","K21782\r","K21783\r","K21784\r","K21785\r","K21786\r","K21787\r","K21791\r","K21792\r","K21793\r","K21795\r","K21801\r","K21883\r","K21898\r","K21949\r","K22003\r","K22011\r","K22012\r","K22081\r","K22082\r","K22083\r","K22084\r","K22085\r","K22086\r","K22087\r","K22099\r","K22100\r","K22133\r","K22185\r","K22186\r","K22187\r","K22210\r","K22211\r","K22212\r","K22215\r","K22223\r","K22224\r","K22225\r","K22226\r","K22227\r","K22229\r","K22230\r","K22231\r","K22232\r","K22233\r","K22251\r","K22268\r","K22292\r","K22305\r","K22311\r","K22316\r","K22330\r","K22353\r","K22354\r","K22355\r","K22356\r","K22357\r","K22358\r","K22359\r","K22360\r","K22361\r","K22362\r","K22373\r","K22389\r","K22391\r","K22393\r","K22394\r","K22396\r","K22397\r","K22451\r","K22457\r","K22473\r","K22474\r","K22476\r","K22477\r","K22478\r","K22480\r","K22481\r","K22482\r","K22492\r","K22502\r","K22515\r","K22516\r","K22539\r","K22540\r","K22549\r","K22550\r","K22568\r","K22601\r","K22602\r","K22622\r","K22699\r","K22715\r","K22716\r","K22717\r","K22769\r","K22770\r","K22813\r","K22842\r","K22847\r","K22879\r","K22881\r","K22896\r","K22897\r","K22898\r","K22899\r","K22912\r","K22925\r","K22926\r","K22933\r","K22934\r","K22935\r","K22954\r","K22955\r","K22956\r","K22957\r","K22968\r","K22969\r","K22982\r","K22994\r","K23003\r","K23004\r","K23005\r","K23007\r","K23082\r","K23083\r","K23094\r","K23095\r","K23109\r","K23121\r","K23123\r","K23124\r","K23144\r","K23159\r","K23169\r","K23170\r","K00566\r","K01011\r","K03148\r","K03151\r","K03154\r","K03635\r","K03636\r","K03637\r","K03639\r","K03831\r","K04085\r","K04487\r","K07235\r","K07236\r","K07237\r","K11179\r","K11996\r","K12161\r","K14168\r","K14169\r","K14171\r","K21028\r","K21029\r","K21140\r","K21142\r","K21147\r","K21148\r","K21232"],"stylingDirectives":[[[0,2,"pl-c1"]],[[0,6,"pl-c1"]],[[0,6,"pl-c1"]],[[0,6,"pl-c1"]],[[0,6,"pl-c1"]],[[0,6,"pl-c1"]],[[0,6,"pl-c1"]],[[0,6,"pl-c1"]],[[0,6,"pl-c1"]],[[0,6,"pl-c1"]],[[0,6,"pl-c1"]],[[0,6,"pl-c1"]],[[0,6,"pl-c1"]],[[0,6,"pl-c1"]],[[0,6,"pl-c1"]],[[0,6,"pl-c1"]],[[0,6,"pl-c1"]],[[0,6,"pl-c1"]],[[0,6,"pl-c1"]],[[0,6,"pl-c1"]],[[0,6,"pl-c1"]],[[0,6,"pl-c1"]],[[0,6,"pl-c1"]],[[0,6,"pl-c1"]],[[0,6,"pl-c1"]],[[0,6,"pl-c1"]],[[0,6,"pl-c1"]],[[0,6,"pl-c1"]],[[0,6,"pl-c1"]],[[0,6,"pl-c1"]],[[0,6,"pl-c1"]],[[0,6,"pl-c1"]],[[0,6,"pl-c1"]],[[0,6,"pl-c1"]],[[0,6,"pl-c1"]],[[0,6,"pl-c1"]],[[0,6,"pl-c1"]],[[0,6,"pl-c1"]],[[0,6,"pl-c1"]],[[0,6,"pl-c1"]],[[0,6,"pl-c1"]],[[0,6,"pl-c1"]],[[0,6,"pl-c1"]],[[0,6,"pl-c1"]],[[0,6,"pl-c1"]],[[0,6,"pl-c1"]],[[0,6,"pl-c1"]],[[0,6,"pl-c1"]],[[0,6,"pl-c1"]],[[0,6,"pl-c1"]],[[0,6,"pl-c1"]],[[0,6,"pl-c1"]],[[0,6,"pl-c1"]],[[0,6,"pl-c1"]],[[0,6,"pl-c1"]],[[0,6,"pl-c1"]],[[0,6,"pl-c1"]],[[0,6,"pl-c1"]],[[0,6,"pl-c1"]],[[0,6,"pl-c1"]],[[0,6,"pl-c1"]],[[0,6,"pl-c1"]],[[0,6,"pl-c1"]],[[0,6,"pl-c1"]],[[0,6,"pl-c1"]],[[0,6,"pl-c1"]],[[0,6,"pl-c1"]],[[0,6,"pl-c1"]],[[0,6,"pl-c1"]],[[0,6,"pl-c1"]],[[0,6,"pl-c1"]],[[0,6,"pl-c1"]],[[0,6,"pl-c1"]],[[0,6,"pl-c1"]],[[0,6,"pl-c1"]],[[0,6,"pl-c1"]],[[0,6,"pl-c1"]],[[0,6,"pl-c1"]],[[0,6,"pl-c1"]],[[0,6,"pl-c1"]],[[0,6,"pl-c1"]],[[0,6,"pl-c1"]],[[0,6,"pl-c1"]],[[0,6,"pl-c1"]],[[0,6,"pl-c1"]],[[0,6,"pl-c1"]],[[0,6,"pl-c1"]],[[0,6,"pl-c1"]],[[0,6,"pl-c1"]],[[0,6,"pl-c1"]],[[0,6,"pl-c1"]],[[0,6,"pl-c1"]],[[0,6,"pl-c1"]],[[0,6,"pl-c1"]],[[0,6,"pl-c1"]],[[0,6,"pl-c1"]],[[0,6,"pl-c1"]],[[0,6,"pl-c1"]],[[0,6,"pl-c1"]],[[0,6,"pl-c1"]],[[0,6,"pl-c1"]],[[0,6,"pl-c1"]],[[0,6,"pl-c1"]],[[0,6,"pl-c1"]],[[0,6,"pl-c1"]],[[0,6,"pl-c1"]],[[0,6,"pl-c1"]],[[0,6,"pl-c1"]],[[0,6,"pl-c1"]],[[0,6,"pl-c1"]],[[0,6,"pl-c1"]],[[0,6,"pl-c1"]],[[0,6,"pl-c1"]],[[0,6,"pl-c1"]],[[0,6,"pl-c1"]],[[0,6,"pl-c1"]],[[0,6,"pl-c1"]],[[0,6,"pl-c1"]],[[0,6,"pl-c1"]],[[0,6,"pl-c1"]],[[0,6,"pl-c1"]],[[0,6,"pl-c1"]],[[0,6,"pl-c1"]],[[0,6,"pl-c1"]],[[0,6,"pl-c1"]],[[0,6,"pl-c1"]],[[0,6,"pl-c1"]],[[0,6,"pl-c1"]],[[0,6,"pl-c1"]],[[0,6,"pl-c1"]],[[0,6,"pl-c1"]],[[0,6,"pl-c1"]],[[0,6,"pl-c1"]],[[0,6,"pl-c1"]],[[0,6,"pl-c1"]],[[0,6,"pl-c1"]],[[0,6,"pl-c1"]],[[0,6,"pl-c1"]],[[0,6,"pl-c1"]],[[0,6,"pl-c1"]],[[0,6,"pl-c1"]],[[0,6,"pl-c1"]],[[0,6,"pl-c1"]],[[0,6,"pl-c1"]],[[0,6,"pl-c1"]],[[0,6,"pl-c1"]],[[0,6,"pl-c1"]],[[0,6,"pl-c1"]],[[0,6,"pl-c1"]],[[0,6,"pl-c1"]],[[0,6,"pl-c1"]],[[0,6,"pl-c1"]],[[0,6,"pl-c1"]],[[0,6,"pl-c1"]],[[0,6,"pl-c1"]],[[0,6,"pl-c1"]],[[0,6,"pl-c1"]],[[0,6,"pl-c1"]],[[0,6,"pl-c1"]],[[0,6,"pl-c1"]],[[0,6,"pl-c1"]],[[0,6,"pl-c1"]],[[0,6,"pl-c1"]],[[0,6,"pl-c1"]],[[0,6,"pl-c1"]],[[0,6,"pl-c1"]],[[0,6,"pl-c1"]],[[0,6,"pl-c1"]],[[0,6,"pl-c1"]],[[0,6,"pl-c1"]],[[0,6,"pl-c1"]],[[0,6,"pl-c1"]],[[0,6,"pl-c1"]],[[0,6,"pl-c1"]],[[0,6,"pl-c1"]],[[0,6,"pl-c1"]],[[0,6,"pl-c1"]],[[0,6,"pl-c1"]],[[0,6,"pl-c1"]],[[0,6,"pl-c1"]],[[0,6,"pl-c1"]],[[0,6,"pl-c1"]],[[0,6,"pl-c1"]],[[0,6,"pl-c1"]],[[0,6,"pl-c1"]],[[0,6,"pl-c1"]],[[0,6,"pl-c1"]],[[0,6,"pl-c1"]],[[0,6,"pl-c1"]],[[0,6,"pl-c1"]],[[0,6,"pl-c1"]],[[0,6,"pl-c1"]],[[0,6,"pl-c1"]],[[0,6,"pl-c1"]],[[0,6,"pl-c1"]],[[0,6,"pl-c1"]],[[0,6,"pl-c1"]],[[0,6,"pl-c1"]],[[0,6,"pl-c1"]],[[0,6,"pl-c1"]],[[0,6,"pl-c1"]],[[0,6,"pl-c1"]],[[0,6,"pl-c1"]],[[0,6,"pl-c1"]],[[0,6,"pl-c1"]],[[0,6,"pl-c1"]],[[0,6,"pl-c1"]],[[0,6,"pl-c1"]],[[0,6,"pl-c1"]],[[0,6,"pl-c1"]],[[0,6,"pl-c1"]],[[0,6,"pl-c1"]],[[0,6,"pl-c1"]],[[0,6,"pl-c1"]],[[0,6,"pl-c1"]],[[0,6,"pl-c1"]],[[0,6,"pl-c1"]],[[0,6,"pl-c1"]],[[0,6,"pl-c1"]],[[0,6,"pl-c1"]],[[0,6,"pl-c1"]],[[0,6,"pl-c1"]],[[0,6,"pl-c1"]],[[0,6,"pl-c1"]],[[0,6,"pl-c1"]],[[0,6,"pl-c1"]],[[0,6,"pl-c1"]],[[0,6,"pl-c1"]],[[0,6,"pl-c1"]],[[0,6,"pl-c1"]],[[0,6,"pl-c1"]],[[0,6,"pl-c1"]],[[0,6,"pl-c1"]],[[0,6,"pl-c1"]],[[0,6,"pl-c1"]],[[0,6,"pl-c1"]],[[0,6,"pl-c1"]],[[0,6,"pl-c1"]],[[0,6,"pl-c1"]],[[0,6,"pl-c1"]],[[0,6,"pl-c1"]],[[0,6,"pl-c1"]],[[0,6,"pl-c1"]],[[0,6,"pl-c1"]],[[0,6,"pl-c1"]],[[0,6,"pl-c1"]],[[0,6,"pl-c1"]],[[0,6,"pl-c1"]],[[0,6,"pl-c1"]],[[0,6,"pl-c1"]],[[0,6,"pl-c1"]],[[0,6,"pl-c1"]],[[0,6,"pl-c1"]],[[0,6,"pl-c1"]],[[0,6,"pl-c1"]],[[0,6,"pl-c1"]],[[0,6,"pl-c1"]],[[0,6,"pl-c1"]],[[0,6,"pl-c1"]],[[0,6,"pl-c1"]],[[0,6,"pl-c1"]],[[0,6,"pl-c1"]],[[0,6,"pl-c1"]],[[0,6,"pl-c1"]],[[0,6,"pl-c1"]],[[0,6,"pl-c1"]],[[0,6,"pl-c1"]],[[0,6,"pl-c1"]],[[0,6,"pl-c1"]],[[0,6,"pl-c1"]],[[0,6,"pl-c1"]],[[0,6,"pl-c1"]],[[0,6,"pl-c1"]],[[0,6,"pl-c1"]],[[0,6,"pl-c1"]],[[0,6,"pl-c1"]],[[0,6,"pl-c1"]],[[0,6,"pl-c1"]],[[0,6,"pl-c1"]],[[0,6,"pl-c1"]],[[0,6,"pl-c1"]],[[0,6,"pl-c1"]],[[0,6,"pl-c1"]],[[0,6,"pl-c1"]],[[0,6,"pl-c1"]],[[0,6,"pl-c1"]],[[0,6,"pl-c1"]],[[0,6,"pl-c1"]],[[0,6,"pl-c1"]],[[0,6,"pl-c1"]],[[0,6,"pl-c1"]],[[0,6,"pl-c1"]],[[0,6,"pl-c1"]],[[0,6,"pl-c1"]],[[0,6,"pl-c1"]],[[0,6,"pl-c1"]],[[0,6,"pl-c1"]],[[0,6,"pl-c1"]],[[0,6,"pl-c1"]],[[0,6,"pl-c1"]],[[0,6,"pl-c1"]],[[0,6,"pl-c1"]],[[0,6,"pl-c1"]],[[0,6,"pl-c1"]],[[0,6,"pl-c1"]],[[0,6,"pl-c1"]],[[0,6,"pl-c1"]],[[0,6,"pl-c1"]],[[0,6,"pl-c1"]],[[0,6,"pl-c1"]],[[0,6,"pl-c1"]],[[0,6,"pl-c1"]],[[0,6,"pl-c1"]],[[0,6,"pl-c1"]],[[0,6,"pl-c1"]],[[0,6,"pl-c1"]],[[0,6,"pl-c1"]],[[0,6,"pl-c1"]],[[0,6,"pl-c1"]],[[0,6,"pl-c1"]],[[0,6,"pl-c1"]],[[0,6,"pl-c1"]],[[0,6,"pl-c1"]],[[0,6,"pl-c1"]],[[0,6,"pl-c1"]],[[0,6,"pl-c1"]],[[0,6,"pl-c1"]],[[0,6,"pl-c1"]],[[0,6,"pl-c1"]],[[0,6,"pl-c1"]],[[0,6,"pl-c1"]],[[0,6,"pl-c1"]],[[0,6,"pl-c1"]],[[0,6,"pl-c1"]],[[0,6,"pl-c1"]],[[0,6,"pl-c1"]],[[0,6,"pl-c1"]],[[0,6,"pl-c1"]],[[0,6,"pl-c1"]],[[0,6,"pl-c1"]],[[0,6,"pl-c1"]],[[0,6,"pl-c1"]],[[0,6,"pl-c1"]],[[0,6,"pl-c1"]],[[0,6,"pl-c1"]],[[0,6,"pl-c1"]],[[0,6,"pl-c1"]],[[0,6,"pl-c1"]],[[0,6,"pl-c1"]],[[0,6,"pl-c1"]],[[0,6,"pl-c1"]],[[0,6,"pl-c1"]],[[0,6,"pl-c1"]],[[0,6,"pl-c1"]],[[0,6,"pl-c1"]],[[0,6,"pl-c1"]],[[0,6,"pl-c1"]],[[0,6,"pl-c1"]],[[0,6,"pl-c1"]],[[0,6,"pl-c1"]],[[0,6,"pl-c1"]],[[0,6,"pl-c1"]],[[0,6,"pl-c1"]],[[0,6,"pl-c1"]],[[0,6,"pl-c1"]],[[0,6,"pl-c1"]],[[0,6,"pl-c1"]],[[0,6,"pl-c1"]],[[0,6,"pl-c1"]],[[0,6,"pl-c1"]],[[0,6,"pl-c1"]],[[0,6,"pl-c1"]],[[0,6,"pl-c1"]],[[0,6,"pl-c1"]],[[0,6,"pl-c1"]],[[0,6,"pl-c1"]],[[0,6,"pl-c1"]],[[0,6,"pl-c1"]],[[0,6,"pl-c1"]],[[0,6,"pl-c1"]],[[0,6,"pl-c1"]],[[0,6,"pl-c1"]],[[0,6,"pl-c1"]],[[0,6,"pl-c1"]],[[0,6,"pl-c1"]],[[0,6,"pl-c1"]],[[0,6,"pl-c1"]],[[0,6,"pl-c1"]],[[0,6,"pl-c1"]],[[0,6,"pl-c1"]],[[0,6,"pl-c1"]],[[0,6,"pl-c1"]],[[0,6,"pl-c1"]],[[0,6,"pl-c1"]],[[0,6,"pl-c1"]],[[0,6,"pl-c1"]],[[0,6,"pl-c1"]],[[0,6,"pl-c1"]],[[0,6,"pl-c1"]],[[0,6,"pl-c1"]],[[0,6,"pl-c1"]],[[0,6,"pl-c1"]],[[0,6,"pl-c1"]],[[0,6,"pl-c1"]],[[0,6,"pl-c1"]],[[0,6,"pl-c1"]],[[0,6,"pl-c1"]],[[0,6,"pl-c1"]],[[0,6,"pl-c1"]],[[0,6,"pl-c1"]],[[0,6,"pl-c1"]],[[0,6,"pl-c1"]],[[0,6,"pl-c1"]],[[0,6,"pl-c1"]],[[0,6,"pl-c1"]],[[0,6,"pl-c1"]],[[0,6,"pl-c1"]],[[0,6,"pl-c1"]],[[0,6,"pl-c1"]],[[0,6,"pl-c1"]],[[0,6,"pl-c1"]],[[0,6,"pl-c1"]],[[0,6,"pl-c1"]],[[0,6,"pl-c1"]],[[0,6,"pl-c1"]],[[0,6,"pl-c1"]],[[0,6,"pl-c1"]],[[0,6,"pl-c1"]],[[0,6,"pl-c1"]],[[0,6,"pl-c1"]],[[0,6,"pl-c1"]],[[0,6,"pl-c1"]],[[0,6,"pl-c1"]],[[0,6,"pl-c1"]],[[0,6,"pl-c1"]],[[0,6,"pl-c1"]],[[0,6,"pl-c1"]],[[0,6,"pl-c1"]],[[0,6,"pl-c1"]],[[0,6,"pl-c1"]],[[0,6,"pl-c1"]],[[0,6,"pl-c1"]],[[0,6,"pl-c1"]],[[0,6,"pl-c1"]],[[0,6,"pl-c1"]],[[0,6,"pl-c1"]],[[0,6,"pl-c1"]],[[0,6,"pl-c1"]],[[0,6,"pl-c1"]],[[0,6,"pl-c1"]],[[0,6,"pl-c1"]],[[0,6,"pl-c1"]],[[0,6,"pl-c1"]],[[0,6,"pl-c1"]],[[0,6,"pl-c1"]],[[0,6,"pl-c1"]],[[0,6,"pl-c1"]],[[0,6,"pl-c1"]],[[0,6,"pl-c1"]],[[0,6,"pl-c1"]],[[0,6,"pl-c1"]],[[0,6,"pl-c1"]],[[0,6,"pl-c1"]],[[0,6,"pl-c1"]],[[0,6,"pl-c1"]],[[0,6,"pl-c1"]],[[0,6,"pl-c1"]],[[0,6,"pl-c1"]],[[0,6,"pl-c1"]],[[0,6,"pl-c1"]],[[0,6,"pl-c1"]],[[0,6,"pl-c1"]],[[0,6,"pl-c1"]],[[0,6,"pl-c1"]],[[0,6,"pl-c1"]],[[0,6,"pl-c1"]],[[0,6,"pl-c1"]],[[0,6,"pl-c1"]],[[0,6,"pl-c1"]],[[0,6,"pl-c1"]],[[0,6,"pl-c1"]],[[0,6,"pl-c1"]],[[0,6,"pl-c1"]],[[0,6,"pl-c1"]],[[0,6,"pl-c1"]],[[0,6,"pl-c1"]],[[0,6,"pl-c1"]],[[0,6,"pl-c1"]],[[0,6,"pl-c1"]],[[0,6,"pl-c1"]],[[0,6,"pl-c1"]],[[0,6,"pl-c1"]],[[0,6,"pl-c1"]],[[0,6,"pl-c1"]],[[0,6,"pl-c1"]],[[0,6,"pl-c1"]],[[0,6,"pl-c1"]],[[0,6,"pl-c1"]],[[0,6,"pl-c1"]],[[0,6,"pl-c1"]],[[0,6,"pl-c1"]],[[0,6,"pl-c1"]],[[0,6,"pl-c1"]],[[0,6,"pl-c1"]],[[0,6,"pl-c1"]],[[0,6,"pl-c1"]],[[0,6,"pl-c1"]],[[0,6,"pl-c1"]],[[0,6,"pl-c1"]],[[0,6,"pl-c1"]],[[0,6,"pl-c1"]],[[0,6,"pl-c1"]],[[0,6,"pl-c1"]],[[0,6,"pl-c1"]],[[0,6,"pl-c1"]],[[0,6,"pl-c1"]],[[0,6,"pl-c1"]],[[0,6,"pl-c1"]],[[0,6,"pl-c1"]],[[0,6,"pl-c1"]],[[0,6,"pl-c1"]],[[0,6,"pl-c1"]],[[0,6,"pl-c1"]],[[0,6,"pl-c1"]],[[0,6,"pl-c1"]],[[0,6,"pl-c1"]],[[0,6,"pl-c1"]],[[0,6,"pl-c1"]],[[0,6,"pl-c1"]],[[0,6,"pl-c1"]],[[0,6,"pl-c1"]],[[0,6,"pl-c1"]],[[0,6,"pl-c1"]],[[0,6,"pl-c1"]],[[0,6,"pl-c1"]],[[0,6,"pl-c1"]],[[0,6,"pl-c1"]],[[0,6,"pl-c1"]],[[0,6,"pl-c1"]],[[0,6,"pl-c1"]],[[0,6,"pl-c1"]],[[0,6,"pl-c1"]],[[0,6,"pl-c1"]],[[0,6,"pl-c1"]],[[0,6,"pl-c1"]],[[0,6,"pl-c1"]],[[0,6,"pl-c1"]],[[0,6,"pl-c1"]],[[0,6,"pl-c1"]],[[0,6,"pl-c1"]],[[0,6,"pl-c1"]],[[0,6,"pl-c1"]],[[0,6,"pl-c1"]],[[0,6,"pl-c1"]],[[0,6,"pl-c1"]],[[0,6,"pl-c1"]],[[0,6,"pl-c1"]],[[0,6,"pl-c1"]],[[0,6,"pl-c1"]],[[0,6,"pl-c1"]],[[0,6,"pl-c1"]],[[0,6,"pl-c1"]],[[0,6,"pl-c1"]],[[0,6,"pl-c1"]],[[0,6,"pl-c1"]],[[0,6,"pl-c1"]],[[0,6,"pl-c1"]],[[0,6,"pl-c1"]],[[0,6,"pl-c1"]],[[0,6,"pl-c1"]],[[0,6,"pl-c1"]],[[0,6,"pl-c1"]],[[0,6,"pl-c1"]],[[0,6,"pl-c1"]],[[0,6,"pl-c1"]],[[0,6,"pl-c1"]],[[0,6,"pl-c1"]],[[0,6,"pl-c1"]],[[0,6,"pl-c1"]],[[0,6,"pl-c1"]],[[0,6,"pl-c1"]],[[0,6,"pl-c1"]],[[0,6,"pl-c1"]],[[0,6,"pl-c1"]],[[0,6,"pl-c1"]],[[0,6,"pl-c1"]],[[0,6,"pl-c1"]],[[0,6,"pl-c1"]],[[0,6,"pl-c1"]],[[0,6,"pl-c1"]],[[0,6,"pl-c1"]],[[0,6,"pl-c1"]],[[0,6,"pl-c1"]],[[0,6,"pl-c1"]],[[0,6,"pl-c1"]],[[0,6,"pl-c1"]],[[0,6,"pl-c1"]],[[0,6,"pl-c1"]],[[0,6,"pl-c1"]],[[0,6,"pl-c1"]],[[0,6,"pl-c1"]],[[0,6,"pl-c1"]],[[0,6,"pl-c1"]],[[0,6,"pl-c1"]],[[0,6,"pl-c1"]],[[0,6,"pl-c1"]],[[0,6,"pl-c1"]],[[0,6,"pl-c1"]],[[0,6,"pl-c1"]],[[0,6,"pl-c1"]],[[0,6,"pl-c1"]],[[0,6,"pl-c1"]],[[0,6,"pl-c1"]],[[0,6,"pl-c1"]],[[0,6,"pl-c1"]],[[0,6,"pl-c1"]],[[0,6,"pl-c1"]],[[0,6,"pl-c1"]],[[0,6,"pl-c1"]],[[0,6,"pl-c1"]],[[0,6,"pl-c1"]],[[0,6,"pl-c1"]],[[0,6,"pl-c1"]],[[0,6,"pl-c1"]],[[0,6,"pl-c1"]],[[0,6,"pl-c1"]],[[0,6,"pl-c1"]],[[0,6,"pl-c1"]],[[0,6,"pl-c1"]],[[0,6,"pl-c1"]],[[0,6,"pl-c1"]],[[0,6,"pl-c1"]],[[0,6,"pl-c1"]],[[0,6,"pl-c1"]],[[0,6,"pl-c1"]],[[0,6,"pl-c1"]],[[0,6,"pl-c1"]],[[0,6,"pl-c1"]],[[0,6,"pl-c1"]],[[0,6,"pl-c1"]],[[0,6,"pl-c1"]],[[0,6,"pl-c1"]],[[0,6,"pl-c1"]],[[0,6,"pl-c1"]],[[0,6,"pl-c1"]],[[0,6,"pl-c1"]],[[0,6,"pl-c1"]],[[0,6,"pl-c1"]],[[0,6,"pl-c1"]],[[0,6,"pl-c1"]],[[0,6,"pl-c1"]],[[0,6,"pl-c1"]],[[0,6,"pl-c1"]],[[0,6,"pl-c1"]],[[0,6,"pl-c1"]],[[0,6,"pl-c1"]],[[0,6,"pl-c1"]],[[0,6,"pl-c1"]],[[0,6,"pl-c1"]],[[0,6,"pl-c1"]],[[0,6,"pl-c1"]],[[0,6,"pl-c1"]],[[0,6,"pl-c1"]],[[0,6,"pl-c1"]],[[0,6,"pl-c1"]],[[0,6,"pl-c1"]],[[0,6,"pl-c1"]],[[0,6,"pl-c1"]],[[0,6,"pl-c1"]],[[0,6,"pl-c1"]],[[0,6,"pl-c1"]],[[0,6,"pl-c1"]],[[0,6,"pl-c1"]],[[0,6,"pl-c1"]],[[0,6,"pl-c1"]],[[0,6,"pl-c1"]],[[0,6,"pl-c1"]],[[0,6,"pl-c1"]],[[0,6,"pl-c1"]],[[0,6,"pl-c1"]],[[0,6,"pl-c1"]],[[0,6,"pl-c1"]],[[0,6,"pl-c1"]],[[0,6,"pl-c1"]],[[0,6,"pl-c1"]],[[0,6,"pl-c1"]],[[0,6,"pl-c1"]],[[0,6,"pl-c1"]],[[0,6,"pl-c1"]],[[0,6,"pl-c1"]],[[0,6,"pl-c1"]],[[0,6,"pl-c1"]],[[0,6,"pl-c1"]],[[0,6,"pl-c1"]],[[0,6,"pl-c1"]],[[0,6,"pl-c1"]],[[0,6,"pl-c1"]],[[0,6,"pl-c1"]],[[0,6,"pl-c1"]],[[0,6,"pl-c1"]],[[0,6,"pl-c1"]],[[0,6,"pl-c1"]],[[0,6,"pl-c1"]],[[0,6,"pl-c1"]],[[0,6,"pl-c1"]],[[0,6,"pl-c1"]],[[0,6,"pl-c1"]],[[0,6,"pl-c1"]],[[0,6,"pl-c1"]],[[0,6,"pl-c1"]],[[0,6,"pl-c1"]],[[0,6,"pl-c1"]],[[0,6,"pl-c1"]],[[0,6,"pl-c1"]],[[0,6,"pl-c1"]],[[0,6,"pl-c1"]],[[0,6,"pl-c1"]],[[0,6,"pl-c1"]],[[0,6,"pl-c1"]],[[0,6,"pl-c1"]],[[0,6,"pl-c1"]],[[0,6,"pl-c1"]],[[0,6,"pl-c1"]],[[0,6,"pl-c1"]],[[0,6,"pl-c1"]],[[0,6,"pl-c1"]],[[0,6,"pl-c1"]],[[0,6,"pl-c1"]],[[0,6,"pl-c1"]],[[0,6,"pl-c1"]],[[0,6,"pl-c1"]],[[0,6,"pl-c1"]],[[0,6,"pl-c1"]],[[0,6,"pl-c1"]],[[0,6,"pl-c1"]],[[0,6,"pl-c1"]],[[0,6,"pl-c1"]],[[0,6,"pl-c1"]],[[0,6,"pl-c1"]],[[0,6,"pl-c1"]],[[0,6,"pl-c1"]],[[0,6,"pl-c1"]],[[0,6,"pl-c1"]],[[0,6,"pl-c1"]],[[0,6,"pl-c1"]],[[0,6,"pl-c1"]],[[0,6,"pl-c1"]],[[0,6,"pl-c1"]],[[0,6,"pl-c1"]],[[0,6,"pl-c1"]],[[0,6,"pl-c1"]],[[0,6,"pl-c1"]],[[0,6,"pl-c1"]],[[0,6,"pl-c1"]],[[0,6,"pl-c1"]],[[0,6,"pl-c1"]],[[0,6,"pl-c1"]],[[0,6,"pl-c1"]],[[0,6,"pl-c1"]],[[0,6,"pl-c1"]],[[0,6,"pl-c1"]],[[0,6,"pl-c1"]],[[0,6,"pl-c1"]],[[0,6,"pl-c1"]],[[0,6,"pl-c1"]],[[0,6,"pl-c1"]],[[0,6,"pl-c1"]],[[0,6,"pl-c1"]],[[0,6,"pl-c1"]],[[0,6,"pl-c1"]],[[0,6,"pl-c1"]],[[0,6,"pl-c1"]],[[0,6,"pl-c1"]],[[0,6,"pl-c1"]],[[0,6,"pl-c1"]],[[0,6,"pl-c1"]],[[0,6,"pl-c1"]],[[0,6,"pl-c1"]],[[0,6,"pl-c1"]],[[0,6,"pl-c1"]],[[0,6,"pl-c1"]],[[0,6,"pl-c1"]],[[0,6,"pl-c1"]],[[0,6,"pl-c1"]],[[0,6,"pl-c1"]],[[0,6,"pl-c1"]],[[0,6,"pl-c1"]],[[0,6,"pl-c1"]],[[0,6,"pl-c1"]],[[0,6,"pl-c1"]],[[0,6,"pl-c1"]],[[0,6,"pl-c1"]],[[0,6,"pl-c1"]],[[0,6,"pl-c1"]],[[0,6,"pl-c1"]],[[0,6,"pl-c1"]],[[0,6,"pl-c1"]],[[0,6,"pl-c1"]],[[0,6,"pl-c1"]],[[0,6,"pl-c1"]],[[0,6,"pl-c1"]],[[0,6,"pl-c1"]],[[0,6,"pl-c1"]],[[0,6,"pl-c1"]],[[0,6,"pl-c1"]],[[0,6,"pl-c1"]],[[0,6,"pl-c1"]],[[0,6,"pl-c1"]],[[0,6,"pl-c1"]],[[0,6,"pl-c1"]],[[0,6,"pl-c1"]],[[0,6,"pl-c1"]],[[0,6,"pl-c1"]],[[0,6,"pl-c1"]],[[0,6,"pl-c1"]],[[0,6,"pl-c1"]],[[0,6,"pl-c1"]],[[0,6,"pl-c1"]],[[0,6,"pl-c1"]],[[0,6,"pl-c1"]],[[0,6,"pl-c1"]],[[0,6,"pl-c1"]],[[0,6,"pl-c1"]],[[0,6,"pl-c1"]],[[0,6,"pl-c1"]],[[0,6,"pl-c1"]],[[0,6,"pl-c1"]],[[0,6,"pl-c1"]],[[0,6,"pl-c1"]],[[0,6,"pl-c1"]],[[0,6,"pl-c1"]],[[0,6,"pl-c1"]],[[0,6,"pl-c1"]],[[0,6,"pl-c1"]],[[0,6,"pl-c1"]],[[0,6,"pl-c1"]],[[0,6,"pl-c1"]],[[0,6,"pl-c1"]],[[0,6,"pl-c1"]],[[0,6,"pl-c1"]],[[0,6,"pl-c1"]],[[0,6,"pl-c1"]],[[0,6,"pl-c1"]],[[0,6,"pl-c1"]],[[0,6,"pl-c1"]],[[0,6,"pl-c1"]],[[0,6,"pl-c1"]],[[0,6,"pl-c1"]],[[0,6,"pl-c1"]],[[0,6,"pl-c1"]],[[0,6,"pl-c1"]],[[0,6,"pl-c1"]],[[0,6,"pl-c1"]],[[0,6,"pl-c1"]],[[0,6,"pl-c1"]],[[0,6,"pl-c1"]],[[0,6,"pl-c1"]],[[0,6,"pl-c1"]],[[0,6,"pl-c1"]],[[0,6,"pl-c1"]],[[0,6,"pl-c1"]],[[0,6,"pl-c1"]],[[0,6,"pl-c1"]],[[0,6,"pl-c1"]],[[0,6,"pl-c1"]],[[0,6,"pl-c1"]],[[0,6,"pl-c1"]],[[0,6,"pl-c1"]],[[0,6,"pl-c1"]],[[0,6,"pl-c1"]],[[0,6,"pl-c1"]],[[0,6,"pl-c1"]],[[0,6,"pl-c1"]],[[0,6,"pl-c1"]],[[0,6,"pl-c1"]],[[0,6,"pl-c1"]],[[0,6,"pl-c1"]],[[0,6,"pl-c1"]],[[0,6,"pl-c1"]],[[0,6,"pl-c1"]],[[0,6,"pl-c1"]],[[0,6,"pl-c1"]],[[0,6,"pl-c1"]],[[0,6,"pl-c1"]],[[0,6,"pl-c1"]],[[0,6,"pl-c1"]],[[0,6,"pl-c1"]],[[0,6,"pl-c1"]],[[0,6,"pl-c1"]],[[0,6,"pl-c1"]],[[0,6,"pl-c1"]],[[0,6,"pl-c1"]],[[0,6,"pl-c1"]],[[0,6,"pl-c1"]],[[0,6,"pl-c1"]],[[0,6,"pl-c1"]],[[0,6,"pl-c1"]],[[0,6,"pl-c1"]],[[0,6,"pl-c1"]],[[0,6,"pl-c1"]],[[0,6,"pl-c1"]],[[0,6,"pl-c1"]],[[0,6,"pl-c1"]],[[0,6,"pl-c1"]],[[0,6,"pl-c1"]],[[0,6,"pl-c1"]],[[0,6,"pl-c1"]],[[0,6,"pl-c1"]],[[0,6,"pl-c1"]],[[0,6,"pl-c1"]],[[0,6,"pl-c1"]],[[0,6,"pl-c1"]],[[0,6,"pl-c1"]],[[0,6,"pl-c1"]],[[0,6,"pl-c1"]],[[0,6,"pl-c1"]],[[0,6,"pl-c1"]],[[0,6,"pl-c1"]],[[0,6,"pl-c1"]],[[0,6,"pl-c1"]],[[0,6,"pl-c1"]],[[0,6,"pl-c1"]],[[0,6,"pl-c1"]],[[0,6,"pl-c1"]],[[0,6,"pl-c1"]],[[0,6,"pl-c1"]],[[0,6,"pl-c1"]],[[0,6,"pl-c1"]],[[0,6,"pl-c1"]],[[0,6,"pl-c1"]],[[0,6,"pl-c1"]],[[0,6,"pl-c1"]],[[0,6,"pl-c1"]],[[0,6,"pl-c1"]],[[0,6,"pl-c1"]],[[0,6,"pl-c1"]],[[0,6,"pl-c1"]],[[0,6,"pl-c1"]],[[0,6,"pl-c1"]],[[0,6,"pl-c1"]],[[0,6,"pl-c1"]],[[0,6,"pl-c1"]],[[0,6,"pl-c1"]],[[0,6,"pl-c1"]],[[0,6,"pl-c1"]],[[0,6,"pl-c1"]],[[0,6,"pl-c1"]],[[0,6,"pl-c1"]],[[0,6,"pl-c1"]],[[0,6,"pl-c1"]],[[0,6,"pl-c1"]],[[0,6,"pl-c1"]],[[0,6,"pl-c1"]],[[0,6,"pl-c1"]],[[0,6,"pl-c1"]],[[0,6,"pl-c1"]],[[0,6,"pl-c1"]],[[0,6,"pl-c1"]],[[0,6,"pl-c1"]],[[0,6,"pl-c1"]],[[0,6,"pl-c1"]],[[0,6,"pl-c1"]],[[0,6,"pl-c1"]],[[0,6,"pl-c1"]],[[0,6,"pl-c1"]],[[0,6,"pl-c1"]],[[0,6,"pl-c1"]],[[0,6,"pl-c1"]],[[0,6,"pl-c1"]],[[0,6,"pl-c1"]],[[0,6,"pl-c1"]],[[0,6,"pl-c1"]],[[0,6,"pl-c1"]],[[0,6,"pl-c1"]],[[0,6,"pl-c1"]],[[0,6,"pl-c1"]],[[0,6,"pl-c1"]],[[0,6,"pl-c1"]],[[0,6,"pl-c1"]],[[0,6,"pl-c1"]],[[0,6,"pl-c1"]],[[0,6,"pl-c1"]],[[0,6,"pl-c1"]],[[0,6,"pl-c1"]],[[0,6,"pl-c1"]],[[0,6,"pl-c1"]],[[0,6,"pl-c1"]],[[0,6,"pl-c1"]],[[0,6,"pl-c1"]],[[0,6,"pl-c1"]],[[0,6,"pl-c1"]],[[0,6,"pl-c1"]],[[0,6,"pl-c1"]],[[0,6,"pl-c1"]],[[0,6,"pl-c1"]],[[0,6,"pl-c1"]],[[0,6,"pl-c1"]],[[0,6,"pl-c1"]],[[0,6,"pl-c1"]],[[0,6,"pl-c1"]],[[0,6,"pl-c1"]],[[0,6,"pl-c1"]],[[0,6,"pl-c1"]],[[0,6,"pl-c1"]],[[0,6,"pl-c1"]],[[0,6,"pl-c1"]],[[0,6,"pl-c1"]],[[0,6,"pl-c1"]],[[0,6,"pl-c1"]],[[0,6,"pl-c1"]],[[0,6,"pl-c1"]],[[0,6,"pl-c1"]],[[0,6,"pl-c1"]],[[0,6,"pl-c1"]],[[0,6,"pl-c1"]],[[0,6,"pl-c1"]],[[0,6,"pl-c1"]],[[0,6,"pl-c1"]],[[0,6,"pl-c1"]],[[0,6,"pl-c1"]],[[0,6,"pl-c1"]],[[0,6,"pl-c1"]],[[0,6,"pl-c1"]],[[0,6,"pl-c1"]],[[0,6,"pl-c1"]],[[0,6,"pl-c1"]],[[0,6,"pl-c1"]],[[0,6,"pl-c1"]],[[0,6,"pl-c1"]],[[0,6,"pl-c1"]],[[0,6,"pl-c1"]],[[0,6,"pl-c1"]],[[0,6,"pl-c1"]],[[0,6,"pl-c1"]],[[0,6,"pl-c1"]],[[0,6,"pl-c1"]],[[0,6,"pl-c1"]],[[0,6,"pl-c1"]],[[0,6,"pl-c1"]],[[0,6,"pl-c1"]],[[0,6,"pl-c1"]],[[0,6,"pl-c1"]],[[0,6,"pl-c1"]],[[0,6,"pl-c1"]],[[0,6,"pl-c1"]],[[0,6,"pl-c1"]],[[0,6,"pl-c1"]],[[0,6,"pl-c1"]],[[0,6,"pl-c1"]],[[0,6,"pl-c1"]],[[0,6,"pl-c1"]],[[0,6,"pl-c1"]],[[0,6,"pl-c1"]],[[0,6,"pl-c1"]],[[0,6,"pl-c1"]],[[0,6,"pl-c1"]],[[0,6,"pl-c1"]],[[0,6,"pl-c1"]],[[0,6,"pl-c1"]],[[0,6,"pl-c1"]],[[0,6,"pl-c1"]],[[0,6,"pl-c1"]],[[0,6,"pl-c1"]],[[0,6,"pl-c1"]],[[0,6,"pl-c1"]],[[0,6,"pl-c1"]],[[0,6,"pl-c1"]],[[0,6,"pl-c1"]],[[0,6,"pl-c1"]],[[0,6,"pl-c1"]],[[0,6,"pl-c1"]],[[0,6,"pl-c1"]],[[0,6,"pl-c1"]],[[0,6,"pl-c1"]],[[0,6,"pl-c1"]],[[0,6,"pl-c1"]],[[0,6,"pl-c1"]],[[0,6,"pl-c1"]],[[0,6,"pl-c1"]],[[0,6,"pl-c1"]],[[0,6,"pl-c1"]],[[0,6,"pl-c1"]],[[0,6,"pl-c1"]],[[0,6,"pl-c1"]],[[0,6,"pl-c1"]],[[0,6,"pl-c1"]],[[0,6,"pl-c1"]],[[0,6,"pl-c1"]],[[0,6,"pl-c1"]],[[0,6,"pl-c1"]],[[0,6,"pl-c1"]],[[0,6,"pl-c1"]],[[0,6,"pl-c1"]],[[0,6,"pl-c1"]],[[0,6,"pl-c1"]],[[0,6,"pl-c1"]],[[0,6,"pl-c1"]],[[0,6,"pl-c1"]],[[0,6,"pl-c1"]],[[0,6,"pl-c1"]],[[0,6,"pl-c1"]],[[0,6,"pl-c1"]],[[0,6,"pl-c1"]],[[0,6,"pl-c1"]],[[0,6,"pl-c1"]],[[0,6,"pl-c1"]],[[0,6,"pl-c1"]],[[0,6,"pl-c1"]],[[0,6,"pl-c1"]],[[0,6,"pl-c1"]],[[0,6,"pl-c1"]],[[0,6,"pl-c1"]],[[0,6,"pl-c1"]],[[0,6,"pl-c1"]],[[0,6,"pl-c1"]],[[0,6,"pl-c1"]],[[0,6,"pl-c1"]],[[0,6,"pl-c1"]],[[0,6,"pl-c1"]],[[0,6,"pl-c1"]],[[0,6,"pl-c1"]],[[0,6,"pl-c1"]],[[0,6,"pl-c1"]],[[0,6,"pl-c1"]],[[0,6,"pl-c1"]],[[0,6,"pl-c1"]],[[0,6,"pl-c1"]],[[0,6,"pl-c1"]],[[0,6,"pl-c1"]],[[0,6,"pl-c1"]],[[0,6,"pl-c1"]],[[0,6,"pl-c1"]],[[0,6,"pl-c1"]],[[0,6,"pl-c1"]],[[0,6,"pl-c1"]],[[0,6,"pl-c1"]],[[0,6,"pl-c1"]],[[0,6,"pl-c1"]],[[0,6,"pl-c1"]],[[0,6,"pl-c1"]],[[0,6,"pl-c1"]],[[0,6,"pl-c1"]],[[0,6,"pl-c1"]],[[0,6,"pl-c1"]],[[0,6,"pl-c1"]],[[0,6,"pl-c1"]],[[0,6,"pl-c1"]],[[0,6,"pl-c1"]],[[0,6,"pl-c1"]],[[0,6,"pl-c1"]],[[0,6,"pl-c1"]],[[0,6,"pl-c1"]],[[0,6,"pl-c1"]],[[0,6,"pl-c1"]],[[0,6,"pl-c1"]],[[0,6,"pl-c1"]],[[0,6,"pl-c1"]],[[0,6,"pl-c1"]],[[0,6,"pl-c1"]],[[0,6,"pl-c1"]],[[0,6,"pl-c1"]],[[0,6,"pl-c1"]],[[0,6,"pl-c1"]],[[0,6,"pl-c1"]],[[0,6,"pl-c1"]],[[0,6,"pl-c1"]],[[0,6,"pl-c1"]],[[0,6,"pl-c1"]],[[0,6,"pl-c1"]],[[0,6,"pl-c1"]],[[0,6,"pl-c1"]],[[0,6,"pl-c1"]],[[0,6,"pl-c1"]],[[0,6,"pl-c1"]],[[0,6,"pl-c1"]],[[0,6,"pl-c1"]],[[0,6,"pl-c1"]],[[0,6,"pl-c1"]],[[0,6,"pl-c1"]],[[0,6,"pl-c1"]],[[0,6,"pl-c1"]],[[0,6,"pl-c1"]],[[0,6,"pl-c1"]],[[0,6,"pl-c1"]],[[0,6,"pl-c1"]],[[0,6,"pl-c1"]],[[0,6,"pl-c1"]],[[0,6,"pl-c1"]],[[0,6,"pl-c1"]],[[0,6,"pl-c1"]],[[0,6,"pl-c1"]],[[0,6,"pl-c1"]],[[0,6,"pl-c1"]],[[0,6,"pl-c1"]],[[0,6,"pl-c1"]],[[0,6,"pl-c1"]],[[0,6,"pl-c1"]],[[0,6,"pl-c1"]],[[0,6,"pl-c1"]],[[0,6,"pl-c1"]],[[0,6,"pl-c1"]],[[0,6,"pl-c1"]],[[0,6,"pl-c1"]],[[0,6,"pl-c1"]],[[0,6,"pl-c1"]],[[0,6,"pl-c1"]],[[0,6,"pl-c1"]],[[0,6,"pl-c1"]],[[0,6,"pl-c1"]],[[0,6,"pl-c1"]],[[0,6,"pl-c1"]],[[0,6,"pl-c1"]],[[0,6,"pl-c1"]],[[0,6,"pl-c1"]],[[0,6,"pl-c1"]],[[0,6,"pl-c1"]],[[0,6,"pl-c1"]],[[0,6,"pl-c1"]],[[0,6,"pl-c1"]],[[0,6,"pl-c1"]],[[0,6,"pl-c1"]],[[0,6,"pl-c1"]],[[0,6,"pl-c1"]],[[0,6,"pl-c1"]],[[0,6,"pl-c1"]],[[0,6,"pl-c1"]],[[0,6,"pl-c1"]],[[0,6,"pl-c1"]],[[0,6,"pl-c1"]],[[0,6,"pl-c1"]],[[0,6,"pl-c1"]],[[0,6,"pl-c1"]],[[0,6,"pl-c1"]],[[0,6,"pl-c1"]],[[0,6,"pl-c1"]],[[0,6,"pl-c1"]],[[0,6,"pl-c1"]],[[0,6,"pl-c1"]],[[0,6,"pl-c1"]],[[0,6,"pl-c1"]],[[0,6,"pl-c1"]],[[0,6,"pl-c1"]],[[0,6,"pl-c1"]],[[0,6,"pl-c1"]],[[0,6,"pl-c1"]],[[0,6,"pl-c1"]],[[0,6,"pl-c1"]],[[0,6,"pl-c1"]],[[0,6,"pl-c1"]],[[0,6,"pl-c1"]],[[0,6,"pl-c1"]],[[0,6,"pl-c1"]],[[0,6,"pl-c1"]],[[0,6,"pl-c1"]],[[0,6,"pl-c1"]],[[0,6,"pl-c1"]],[[0,6,"pl-c1"]],[[0,6,"pl-c1"]],[[0,6,"pl-c1"]],[[0,6,"pl-c1"]],[[0,6,"pl-c1"]],[[0,6,"pl-c1"]],[[0,6,"pl-c1"]],[[0,6,"pl-c1"]],[[0,6,"pl-c1"]],[[0,6,"pl-c1"]],[[0,6,"pl-c1"]],[[0,6,"pl-c1"]],[[0,6,"pl-c1"]],[[0,6,"pl-c1"]],[[0,6,"pl-c1"]],[[0,6,"pl-c1"]],[[0,6,"pl-c1"]],[[0,6,"pl-c1"]],[[0,6,"pl-c1"]],[[0,6,"pl-c1"]],[[0,6,"pl-c1"]],[[0,6,"pl-c1"]],[[0,6,"pl-c1"]],[[0,6,"pl-c1"]],[[0,6,"pl-c1"]],[[0,6,"pl-c1"]],[[0,6,"pl-c1"]],[[0,6,"pl-c1"]],[[0,6,"pl-c1"]],[[0,6,"pl-c1"]],[[0,6,"pl-c1"]],[[0,6,"pl-c1"]],[[0,6,"pl-c1"]],[[0,6,"pl-c1"]],[[0,6,"pl-c1"]],[[0,6,"pl-c1"]],[[0,6,"pl-c1"]],[[0,6,"pl-c1"]],[[0,6,"pl-c1"]],[[0,6,"pl-c1"]],[[0,6,"pl-c1"]],[[0,6,"pl-c1"]],[[0,6,"pl-c1"]],[[0,6,"pl-c1"]],[[0,6,"pl-c1"]],[[0,6,"pl-c1"]],[[0,6,"pl-c1"]],[[0,6,"pl-c1"]],[[0,6,"pl-c1"]],[[0,6,"pl-c1"]],[[0,6,"pl-c1"]],[[0,6,"pl-c1"]],[[0,6,"pl-c1"]],[[0,6,"pl-c1"]],[[0,6,"pl-c1"]],[[0,6,"pl-c1"]],[[0,6,"pl-c1"]],[[0,6,"pl-c1"]],[[0,6,"pl-c1"]],[[0,6,"pl-c1"]],[[0,6,"pl-c1"]],[[0,6,"pl-c1"]],[[0,6,"pl-c1"]],[[0,6,"pl-c1"]],[[0,6,"pl-c1"]],[[0,6,"pl-c1"]],[[0,6,"pl-c1"]],[[0,6,"pl-c1"]],[[0,6,"pl-c1"]],[[0,6,"pl-c1"]],[[0,6,"pl-c1"]],[[0,6,"pl-c1"]],[[0,6,"pl-c1"]],[[0,6,"pl-c1"]],[[0,6,"pl-c1"]],[[0,6,"pl-c1"]],[[0,6,"pl-c1"]],[[0,6,"pl-c1"]],[[0,6,"pl-c1"]],[[0,6,"pl-c1"]],[[0,6,"pl-c1"]],[[0,6,"pl-c1"]],[[0,6,"pl-c1"]],[[0,6,"pl-c1"]],[[0,6,"pl-c1"]],[[0,6,"pl-c1"]],[[0,6,"pl-c1"]],[[0,6,"pl-c1"]],[[0,6,"pl-c1"]],[[0,6,"pl-c1"]],[[0,6,"pl-c1"]],[[0,6,"pl-c1"]],[[0,6,"pl-c1"]],[[0,6,"pl-c1"]],[[0,6,"pl-c1"]],[[0,6,"pl-c1"]],[[0,6,"pl-c1"]],[[0,6,"pl-c1"]],[[0,6,"pl-c1"]],[[0,6,"pl-c1"]],[[0,6,"pl-c1"]],[[0,6,"pl-c1"]],[[0,6,"pl-c1"]],[[0,6,"pl-c1"]],[[0,6,"pl-c1"]],[[0,6,"pl-c1"]],[[0,6,"pl-c1"]],[[0,6,"pl-c1"]],[[0,6,"pl-c1"]],[[0,6,"pl-c1"]],[[0,6,"pl-c1"]],[[0,6,"pl-c1"]],[[0,6,"pl-c1"]],[[0,6,"pl-c1"]],[[0,6,"pl-c1"]],[[0,6,"pl-c1"]],[[0,6,"pl-c1"]],[[0,6,"pl-c1"]],[[0,6,"pl-c1"]],[[0,6,"pl-c1"]],[[0,6,"pl-c1"]],[[0,6,"pl-c1"]],[[0,6,"pl-c1"]],[[0,6,"pl-c1"]],[[0,6,"pl-c1"]],[[0,6,"pl-c1"]],[[0,6,"pl-c1"]],[[0,6,"pl-c1"]],[[0,6,"pl-c1"]],[[0,6,"pl-c1"]],[[0,6,"pl-c1"]],[[0,6,"pl-c1"]],[[0,6,"pl-c1"]],[[0,6,"pl-c1"]],[[0,6,"pl-c1"]],[[0,6,"pl-c1"]],[[0,6,"pl-c1"]],[[0,6,"pl-c1"]],[[0,6,"pl-c1"]],[[0,6,"pl-c1"]],[[0,6,"pl-c1"]],[[0,6,"pl-c1"]],[[0,6,"pl-c1"]],[[0,6,"pl-c1"]],[[0,6,"pl-c1"]],[[0,6,"pl-c1"]],[[0,6,"pl-c1"]],[[0,6,"pl-c1"]],[[0,6,"pl-c1"]],[[0,6,"pl-c1"]],[[0,6,"pl-c1"]],[[0,6,"pl-c1"]],[[0,6,"pl-c1"]],[[0,6,"pl-c1"]],[[0,6,"pl-c1"]],[[0,6,"pl-c1"]],[[0,6,"pl-c1"]],[[0,6,"pl-c1"]],[[0,6,"pl-c1"]],[[0,6,"pl-c1"]],[[0,6,"pl-c1"]],[[0,6,"pl-c1"]],[[0,6,"pl-c1"]],[[0,6,"pl-c1"]],[[0,6,"pl-c1"]],[[0,6,"pl-c1"]],[[0,6,"pl-c1"]],[[0,6,"pl-c1"]],[[0,6,"pl-c1"]],[[0,6,"pl-c1"]],[[0,6,"pl-c1"]],[[0,6,"pl-c1"]],[[0,6,"pl-c1"]],[[0,6,"pl-c1"]],[[0,6,"pl-c1"]],[[0,6,"pl-c1"]],[[0,6,"pl-c1"]],[[0,6,"pl-c1"]],[[0,6,"pl-c1"]],[[0,6,"pl-c1"]],[[0,6,"pl-c1"]],[[0,6,"pl-c1"]],[[0,6,"pl-c1"]],[[0,6,"pl-c1"]],[[0,6,"pl-c1"]],[[0,6,"pl-c1"]],[[0,6,"pl-c1"]],[[0,6,"pl-c1"]],[[0,6,"pl-c1"]],[[0,6,"pl-c1"]],[[0,6,"pl-c1"]],[[0,6,"pl-c1"]],[[0,6,"pl-c1"]],[[0,6,"pl-c1"]],[[0,6,"pl-c1"]],[[0,6,"pl-c1"]],[[0,6,"pl-c1"]],[[0,6,"pl-c1"]],[[0,6,"pl-c1"]],[[0,6,"pl-c1"]],[[0,6,"pl-c1"]],[[0,6,"pl-c1"]],[[0,6,"pl-c1"]],[[0,6,"pl-c1"]],[[0,6,"pl-c1"]],[[0,6,"pl-c1"]],[[0,6,"pl-c1"]],[[0,6,"pl-c1"]],[[0,6,"pl-c1"]],[[0,6,"pl-c1"]],[[0,6,"pl-c1"]],[[0,6,"pl-c1"]],[[0,6,"pl-c1"]],[[0,6,"pl-c1"]],[[0,6,"pl-c1"]],[[0,6,"pl-c1"]],[[0,6,"pl-c1"]],[[0,6,"pl-c1"]],[[0,6,"pl-c1"]],[[0,6,"pl-c1"]],[[0,6,"pl-c1"]],[[0,6,"pl-c1"]],[[0,6,"pl-c1"]],[[0,6,"pl-c1"]],[[0,6,"pl-c1"]],[[0,6,"pl-c1"]],[[0,6,"pl-c1"]],[[0,6,"pl-c1"]],[[0,6,"pl-c1"]],[[0,6,"pl-c1"]],[[0,6,"pl-c1"]],[[0,6,"pl-c1"]],[[0,6,"pl-c1"]],[[0,6,"pl-c1"]],[[0,6,"pl-c1"]],[[0,6,"pl-c1"]],[[0,6,"pl-c1"]],[[0,6,"pl-c1"]],[[0,6,"pl-c1"]],[[0,6,"pl-c1"]],[[0,6,"pl-c1"]],[[0,6,"pl-c1"]],[[0,6,"pl-c1"]],[[0,6,"pl-c1"]],[[0,6,"pl-c1"]],[[0,6,"pl-c1"]],[[0,6,"pl-c1"]],[[0,6,"pl-c1"]],[[0,6,"pl-c1"]],[[0,6,"pl-c1"]],[[0,6,"pl-c1"]],[[0,6,"pl-c1"]],[[0,6,"pl-c1"]],[[0,6,"pl-c1"]],[[0,6,"pl-c1"]],[[0,6,"pl-c1"]],[[0,6,"pl-c1"]],[[0,6,"pl-c1"]],[[0,6,"pl-c1"]],[[0,6,"pl-c1"]],[[0,6,"pl-c1"]],[[0,6,"pl-c1"]],[[0,6,"pl-c1"]],[[0,6,"pl-c1"]],[[0,6,"pl-c1"]],[[0,6,"pl-c1"]],[[0,6,"pl-c1"]],[[0,6,"pl-c1"]],[[0,6,"pl-c1"]],[[0,6,"pl-c1"]],[[0,6,"pl-c1"]],[[0,6,"pl-c1"]],[[0,6,"pl-c1"]],[[0,6,"pl-c1"]],[[0,6,"pl-c1"]],[[0,6,"pl-c1"]],[[0,6,"pl-c1"]],[[0,6,"pl-c1"]],[[0,6,"pl-c1"]],[[0,6,"pl-c1"]],[[0,6,"pl-c1"]],[[0,6,"pl-c1"]],[[0,6,"pl-c1"]],[[0,6,"pl-c1"]],[[0,6,"pl-c1"]],[[0,6,"pl-c1"]],[[0,6,"pl-c1"]],[[0,6,"pl-c1"]],[[0,6,"pl-c1"]],[[0,6,"pl-c1"]],[[0,6,"pl-c1"]],[[0,6,"pl-c1"]],[[0,6,"pl-c1"]],[[0,6,"pl-c1"]],[[0,6,"pl-c1"]],[[0,6,"pl-c1"]],[[0,6,"pl-c1"]],[[0,6,"pl-c1"]],[[0,6,"pl-c1"]],[[0,6,"pl-c1"]],[[0,6,"pl-c1"]],[[0,6,"pl-c1"]],[[0,6,"pl-c1"]],[[0,6,"pl-c1"]],[[0,6,"pl-c1"]],[[0,6,"pl-c1"]],[[0,6,"pl-c1"]],[[0,6,"pl-c1"]],[[0,6,"pl-c1"]],[[0,6,"pl-c1"]],[[0,6,"pl-c1"]],[[0,6,"pl-c1"]],[[0,6,"pl-c1"]],[[0,6,"pl-c1"]],[[0,6,"pl-c1"]],[[0,6,"pl-c1"]],[[0,6,"pl-c1"]],[[0,6,"pl-c1"]],[[0,6,"pl-c1"]],[[0,6,"pl-c1"]],[[0,6,"pl-c1"]],[[0,6,"pl-c1"]],[[0,6,"pl-c1"]],[[0,6,"pl-c1"]],[[0,6,"pl-c1"]],[[0,6,"pl-c1"]],[[0,6,"pl-c1"]],[[0,6,"pl-c1"]],[[0,6,"pl-c1"]],[[0,6,"pl-c1"]],[[0,6,"pl-c1"]],[[0,6,"pl-c1"]],[[0,6,"pl-c1"]],[[0,6,"pl-c1"]],[[0,6,"pl-c1"]],[[0,6,"pl-c1"]],[[0,6,"pl-c1"]],[[0,6,"pl-c1"]],[[0,6,"pl-c1"]],[[0,6,"pl-c1"]],[[0,6,"pl-c1"]],[[0,6,"pl-c1"]],[[0,6,"pl-c1"]],[[0,6,"pl-c1"]],[[0,6,"pl-c1"]],[[0,6,"pl-c1"]],[[0,6,"pl-c1"]],[[0,6,"pl-c1"]],[[0,6,"pl-c1"]],[[0,6,"pl-c1"]],[[0,6,"pl-c1"]],[[0,6,"pl-c1"]],[[0,6,"pl-c1"]],[[0,6,"pl-c1"]],[[0,6,"pl-c1"]],[[0,6,"pl-c1"]],[[0,6,"pl-c1"]],[[0,6,"pl-c1"]],[[0,6,"pl-c1"]],[[0,6,"pl-c1"]],[[0,6,"pl-c1"]],[[0,6,"pl-c1"]],[[0,6,"pl-c1"]],[[0,6,"pl-c1"]],[[0,6,"pl-c1"]],[[0,6,"pl-c1"]],[[0,6,"pl-c1"]],[[0,6,"pl-c1"]],[[0,6,"pl-c1"]],[[0,6,"pl-c1"]],[[0,6,"pl-c1"]],[[0,6,"pl-c1"]],[[0,6,"pl-c1"]],[[0,6,"pl-c1"]],[[0,6,"pl-c1"]],[[0,6,"pl-c1"]],[[0,6,"pl-c1"]],[[0,6,"pl-c1"]],[[0,6,"pl-c1"]],[[0,6,"pl-c1"]],[[0,6,"pl-c1"]],[[0,6,"pl-c1"]],[[0,6,"pl-c1"]],[[0,6,"pl-c1"]],[[0,6,"pl-c1"]],[[0,6,"pl-c1"]],[[0,6,"pl-c1"]],[[0,6,"pl-c1"]],[[0,6,"pl-c1"]],[[0,6,"pl-c1"]],[[0,6,"pl-c1"]],[[0,6,"pl-c1"]],[[0,6,"pl-c1"]],[[0,6,"pl-c1"]],[[0,6,"pl-c1"]],[[0,6,"pl-c1"]],[[0,6,"pl-c1"]],[[0,6,"pl-c1"]],[[0,6,"pl-c1"]],[[0,6,"pl-c1"]],[[0,6,"pl-c1"]],[[0,6,"pl-c1"]],[[0,6,"pl-c1"]],[[0,6,"pl-c1"]],[[0,6,"pl-c1"]],[[0,6,"pl-c1"]],[[0,6,"pl-c1"]],[[0,6,"pl-c1"]],[[0,6,"pl-c1"]],[[0,6,"pl-c1"]],[[0,6,"pl-c1"]],[[0,6,"pl-c1"]],[[0,6,"pl-c1"]],[[0,6,"pl-c1"]],[[0,6,"pl-c1"]],[[0,6,"pl-c1"]],[[0,6,"pl-c1"]],[[0,6,"pl-c1"]],[[0,6,"pl-c1"]],[[0,6,"pl-c1"]],[[0,6,"pl-c1"]],[[0,6,"pl-c1"]],[[0,6,"pl-c1"]],[[0,6,"pl-c1"]],[[0,6,"pl-c1"]],[[0,6,"pl-c1"]],[[0,6,"pl-c1"]],[[0,6,"pl-c1"]],[[0,6,"pl-c1"]],[[0,6,"pl-c1"]],[[0,6,"pl-c1"]],[[0,6,"pl-c1"]],[[0,6,"pl-c1"]],[[0,6,"pl-c1"]],[[0,6,"pl-c1"]],[[0,6,"pl-c1"]],[[0,6,"pl-c1"]],[[0,6,"pl-c1"]],[[0,6,"pl-c1"]],[[0,6,"pl-c1"]],[[0,6,"pl-c1"]],[[0,6,"pl-c1"]],[[0,6,"pl-c1"]],[[0,6,"pl-c1"]],[[0,6,"pl-c1"]],[[0,6,"pl-c1"]],[[0,6,"pl-c1"]],[[0,6,"pl-c1"]],[[0,6,"pl-c1"]],[[0,6,"pl-c1"]],[[0,6,"pl-c1"]],[[0,6,"pl-c1"]],[[0,6,"pl-c1"]],[[0,6,"pl-c1"]],[[0,6,"pl-c1"]],[[0,6,"pl-c1"]],[[0,6,"pl-c1"]],[[0,6,"pl-c1"]],[[0,6,"pl-c1"]],[[0,6,"pl-c1"]],[[0,6,"pl-c1"]],[[0,6,"pl-c1"]],[[0,6,"pl-c1"]],[[0,6,"pl-c1"]],[[0,6,"pl-c1"]],[[0,6,"pl-c1"]],[[0,6,"pl-c1"]],[[0,6,"pl-c1"]],[[0,6,"pl-c1"]],[[0,6,"pl-c1"]],[[0,6,"pl-c1"]],[[0,6,"pl-c1"]],[[0,6,"pl-c1"]],[[0,6,"pl-c1"]],[[0,6,"pl-c1"]],[[0,6,"pl-c1"]],[[0,6,"pl-c1"]],[[0,6,"pl-c1"]],[[0,6,"pl-c1"]],[[0,6,"pl-c1"]],[[0,6,"pl-c1"]],[[0,6,"pl-c1"]],[[0,6,"pl-c1"]],[[0,6,"pl-c1"]],[[0,6,"pl-c1"]],[[0,6,"pl-c1"]],[[0,6,"pl-c1"]],[[0,6,"pl-c1"]],[[0,6,"pl-c1"]],[[0,6,"pl-c1"]],[[0,6,"pl-c1"]],[[0,6,"pl-c1"]],[[0,6,"pl-c1"]],[[0,6,"pl-c1"]],[[0,6,"pl-c1"]],[[0,6,"pl-c1"]],[[0,6,"pl-c1"]],[[0,6,"pl-c1"]],[[0,6,"pl-c1"]],[[0,6,"pl-c1"]],[[0,6,"pl-c1"]],[[0,6,"pl-c1"]],[[0,6,"pl-c1"]],[[0,6,"pl-c1"]],[[0,6,"pl-c1"]],[[0,6,"pl-c1"]],[[0,6,"pl-c1"]],[[0,6,"pl-c1"]],[[0,6,"pl-c1"]],[[0,6,"pl-c1"]],[[0,6,"pl-c1"]],[[0,6,"pl-c1"]],[[0,6,"pl-c1"]],[[0,6,"pl-c1"]],[[0,6,"pl-c1"]],[[0,6,"pl-c1"]],[[0,6,"pl-c1"]],[[0,6,"pl-c1"]],[[0,6,"pl-c1"]],[[0,6,"pl-c1"]],[[0,6,"pl-c1"]],[[0,6,"pl-c1"]],[[0,6,"pl-c1"]],[[0,6,"pl-c1"]],[[0,6,"pl-c1"]],[[0,6,"pl-c1"]],[[0,6,"pl-c1"]],[[0,6,"pl-c1"]],[[0,6,"pl-c1"]],[[0,6,"pl-c1"]],[[0,6,"pl-c1"]],[[0,6,"pl-c1"]],[[0,6,"pl-c1"]],[[0,6,"pl-c1"]],[[0,6,"pl-c1"]],[[0,6,"pl-c1"]],[[0,6,"pl-c1"]],[[0,6,"pl-c1"]],[[0,6,"pl-c1"]],[[0,6,"pl-c1"]],[[0,6,"pl-c1"]],[[0,6,"pl-c1"]],[[0,6,"pl-c1"]],[[0,6,"pl-c1"]],[[0,6,"pl-c1"]],[[0,6,"pl-c1"]],[[0,6,"pl-c1"]],[[0,6,"pl-c1"]],[[0,6,"pl-c1"]],[[0,6,"pl-c1"]],[[0,6,"pl-c1"]],[[0,6,"pl-c1"]],[[0,6,"pl-c1"]],[[0,6,"pl-c1"]],[[0,6,"pl-c1"]],[[0,6,"pl-c1"]],[[0,6,"pl-c1"]],[[0,6,"pl-c1"]],[[0,6,"pl-c1"]],[[0,6,"pl-c1"]],[[0,6,"pl-c1"]],[[0,6,"pl-c1"]],[[0,6,"pl-c1"]],[[0,6,"pl-c1"]],[[0,6,"pl-c1"]],[[0,6,"pl-c1"]],[[0,6,"pl-c1"]],[[0,6,"pl-c1"]],[[0,6,"pl-c1"]],[[0,6,"pl-c1"]],[[0,6,"pl-c1"]],[[0,6,"pl-c1"]],[[0,6,"pl-c1"]],[[0,6,"pl-c1"]],[[0,6,"pl-c1"]],[[0,6,"pl-c1"]],[[0,6,"pl-c1"]],[[0,6,"pl-c1"]],[[0,6,"pl-c1"]],[[0,6,"pl-c1"]],[[0,6,"pl-c1"]],[[0,6,"pl-c1"]],[[0,6,"pl-c1"]],[[0,6,"pl-c1"]],[[0,6,"pl-c1"]],[[0,6,"pl-c1"]],[[0,6,"pl-c1"]],[[0,6,"pl-c1"]],[[0,6,"pl-c1"]],[[0,6,"pl-c1"]],[[0,6,"pl-c1"]],[[0,6,"pl-c1"]],[[0,6,"pl-c1"]],[[0,6,"pl-c1"]],[[0,6,"pl-c1"]],[[0,6,"pl-c1"]],[[0,6,"pl-c1"]],[[0,6,"pl-c1"]],[[0,6,"pl-c1"]],[[0,6,"pl-c1"]],[[0,6,"pl-c1"]],[[0,6,"pl-c1"]],[[0,6,"pl-c1"]],[[0,6,"pl-c1"]],[[0,6,"pl-c1"]],[[0,6,"pl-c1"]],[[0,6,"pl-c1"]],[[0,6,"pl-c1"]],[[0,6,"pl-c1"]],[[0,6,"pl-c1"]],[[0,6,"pl-c1"]],[[0,6,"pl-c1"]],[[0,6,"pl-c1"]],[[0,6,"pl-c1"]],[[0,6,"pl-c1"]],[[0,6,"pl-c1"]],[[0,6,"pl-c1"]],[[0,6,"pl-c1"]],[[0,6,"pl-c1"]],[[0,6,"pl-c1"]],[[0,6,"pl-c1"]],[[0,6,"pl-c1"]],[[0,6,"pl-c1"]],[[0,6,"pl-c1"]],[[0,6,"pl-c1"]],[[0,6,"pl-c1"]],[[0,6,"pl-c1"]],[[0,6,"pl-c1"]],[[0,6,"pl-c1"]],[[0,6,"pl-c1"]],[[0,6,"pl-c1"]],[[0,6,"pl-c1"]],[[0,6,"pl-c1"]],[[0,6,"pl-c1"]],[[0,6,"pl-c1"]],[[0,6,"pl-c1"]],[[0,6,"pl-c1"]],[[0,6,"pl-c1"]],[[0,6,"pl-c1"]],[[0,6,"pl-c1"]],[[0,6,"pl-c1"]],[[0,6,"pl-c1"]],[[0,6,"pl-c1"]],[[0,6,"pl-c1"]],[[0,6,"pl-c1"]],[[0,6,"pl-c1"]],[[0,6,"pl-c1"]],[[0,6,"pl-c1"]],[[0,6,"pl-c1"]],[[0,6,"pl-c1"]],[[0,6,"pl-c1"]],[[0,6,"pl-c1"]],[[0,6,"pl-c1"]],[[0,6,"pl-c1"]],[[0,6,"pl-c1"]],[[0,6,"pl-c1"]],[[0,6,"pl-c1"]],[[0,6,"pl-c1"]],[[0,6,"pl-c1"]],[[0,6,"pl-c1"]],[[0,6,"pl-c1"]],[[0,6,"pl-c1"]],[[0,6,"pl-c1"]],[[0,6,"pl-c1"]],[[0,6,"pl-c1"]],[[0,6,"pl-c1"]],[[0,6,"pl-c1"]],[[0,6,"pl-c1"]],[[0,6,"pl-c1"]],[[0,6,"pl-c1"]],[[0,6,"pl-c1"]],[[0,6,"pl-c1"]],[[0,6,"pl-c1"]],[[0,6,"pl-c1"]],[[0,6,"pl-c1"]],[[0,6,"pl-c1"]],[[0,6,"pl-c1"]],[[0,6,"pl-c1"]],[[0,6,"pl-c1"]],[[0,6,"pl-c1"]],[[0,6,"pl-c1"]],[[0,6,"pl-c1"]],[[0,6,"pl-c1"]],[[0,6,"pl-c1"]],[[0,6,"pl-c1"]],[[0,6,"pl-c1"]],[[0,6,"pl-c1"]],[[0,6,"pl-c1"]],[[0,6,"pl-c1"]],[[0,6,"pl-c1"]],[[0,6,"pl-c1"]],[[0,6,"pl-c1"]],[[0,6,"pl-c1"]],[[0,6,"pl-c1"]],[[0,6,"pl-c1"]],[[0,6,"pl-c1"]],[[0,6,"pl-c1"]],[[0,6,"pl-c1"]],[[0,6,"pl-c1"]],[[0,6,"pl-c1"]],[[0,6,"pl-c1"]],[[0,6,"pl-c1"]],[[0,6,"pl-c1"]],[[0,6,"pl-c1"]],[[0,6,"pl-c1"]],[[0,6,"pl-c1"]],[[0,6,"pl-c1"]],[[0,6,"pl-c1"]],[[0,6,"pl-c1"]],[[0,6,"pl-c1"]],[[0,6,"pl-c1"]],[[0,6,"pl-c1"]],[[0,6,"pl-c1"]],[[0,6,"pl-c1"]],[[0,6,"pl-c1"]],[[0,6,"pl-c1"]],[[0,6,"pl-c1"]],[[0,6,"pl-c1"]],[[0,6,"pl-c1"]],[[0,6,"pl-c1"]],[[0,6,"pl-c1"]],[[0,6,"pl-c1"]],[[0,6,"pl-c1"]],[[0,6,"pl-c1"]],[[0,6,"pl-c1"]],[[0,6,"pl-c1"]],[[0,6,"pl-c1"]],[[0,6,"pl-c1"]],[[0,6,"pl-c1"]],[[0,6,"pl-c1"]],[[0,6,"pl-c1"]],[[0,6,"pl-c1"]],[[0,6,"pl-c1"]],[[0,6,"pl-c1"]],[[0,6,"pl-c1"]],[[0,6,"pl-c1"]],[[0,6,"pl-c1"]],[[0,6,"pl-c1"]],[[0,6,"pl-c1"]],[[0,6,"pl-c1"]],[[0,6,"pl-c1"]],[[0,6,"pl-c1"]],[[0,6,"pl-c1"]],[[0,6,"pl-c1"]],[[0,6,"pl-c1"]],[[0,6,"pl-c1"]],[[0,6,"pl-c1"]],[[0,6,"pl-c1"]],[[0,6,"pl-c1"]],[[0,6,"pl-c1"]],[[0,6,"pl-c1"]],[[0,6,"pl-c1"]],[[0,6,"pl-c1"]],[[0,6,"pl-c1"]],[[0,6,"pl-c1"]],[[0,6,"pl-c1"]],[[0,6,"pl-c1"]],[[0,6,"pl-c1"]],[[0,6,"pl-c1"]],[[0,6,"pl-c1"]],[[0,6,"pl-c1"]],[[0,6,"pl-c1"]],[[0,6,"pl-c1"]],[[0,6,"pl-c1"]],[[0,6,"pl-c1"]],[[0,6,"pl-c1"]],[[0,6,"pl-c1"]],[[0,6,"pl-c1"]],[[0,6,"pl-c1"]],[[0,6,"pl-c1"]],[[0,6,"pl-c1"]],[[0,6,"pl-c1"]],[[0,6,"pl-c1"]],[[0,6,"pl-c1"]],[[0,6,"pl-c1"]],[[0,6,"pl-c1"]],[[0,6,"pl-c1"]],[[0,6,"pl-c1"]],[[0,6,"pl-c1"]],[[0,6,"pl-c1"]],[[0,6,"pl-c1"]],[[0,6,"pl-c1"]],[[0,6,"pl-c1"]],[[0,6,"pl-c1"]],[[0,6,"pl-c1"]],[[0,6,"pl-c1"]],[[0,6,"pl-c1"]],[[0,6,"pl-c1"]],[[0,6,"pl-c1"]],[[0,6,"pl-c1"]],[[0,6,"pl-c1"]],[[0,6,"pl-c1"]],[[0,6,"pl-c1"]],[[0,6,"pl-c1"]],[[0,6,"pl-c1"]],[[0,6,"pl-c1"]],[[0,6,"pl-c1"]],[[0,6,"pl-c1"]],[[0,6,"pl-c1"]],[[0,6,"pl-c1"]],[[0,6,"pl-c1"]],[[0,6,"pl-c1"]],[[0,6,"pl-c1"]],[[0,6,"pl-c1"]],[[0,6,"pl-c1"]],[[0,6,"pl-c1"]],[[0,6,"pl-c1"]],[[0,6,"pl-c1"]],[[0,6,"pl-c1"]],[[0,6,"pl-c1"]],[[0,6,"pl-c1"]],[[0,6,"pl-c1"]],[[0,6,"pl-c1"]],[[0,6,"pl-c1"]],[[0,6,"pl-c1"]],[[0,6,"pl-c1"]],[[0,6,"pl-c1"]],[[0,6,"pl-c1"]],[[0,6,"pl-c1"]],[[0,6,"pl-c1"]],[[0,6,"pl-c1"]],[[0,6,"pl-c1"]],[[0,6,"pl-c1"]],[[0,6,"pl-c1"]],[[0,6,"pl-c1"]],[[0,6,"pl-c1"]],[[0,6,"pl-c1"]],[[0,6,"pl-c1"]],[[0,6,"pl-c1"]],[[0,6,"pl-c1"]],[[0,6,"pl-c1"]],[[0,6,"pl-c1"]],[[0,6,"pl-c1"]],[[0,6,"pl-c1"]],[[0,6,"pl-c1"]],[[0,6,"pl-c1"]],[[0,6,"pl-c1"]],[[0,6,"pl-c1"]],[[0,6,"pl-c1"]],[[0,6,"pl-c1"]],[[0,6,"pl-c1"]],[[0,6,"pl-c1"]],[[0,6,"pl-c1"]],[[0,6,"pl-c1"]],[[0,6,"pl-c1"]],[[0,6,"pl-c1"]],[[0,6,"pl-c1"]],[[0,6,"pl-c1"]],[[0,6,"pl-c1"]],[[0,6,"pl-c1"]],[[0,6,"pl-c1"]],[[0,6,"pl-c1"]],[[0,6,"pl-c1"]],[[0,6,"pl-c1"]],[[0,6,"pl-c1"]],[[0,6,"pl-c1"]],[[0,6,"pl-c1"]],[[0,6,"pl-c1"]],[[0,6,"pl-c1"]],[[0,6,"pl-c1"]],[[0,6,"pl-c1"]],[[0,6,"pl-c1"]],[[0,6,"pl-c1"]],[[0,6,"pl-c1"]],[[0,6,"pl-c1"]],[[0,6,"pl-c1"]],[[0,6,"pl-c1"]],[[0,6,"pl-c1"]],[[0,6,"pl-c1"]],[[0,6,"pl-c1"]],[[0,6,"pl-c1"]],[[0,6,"pl-c1"]],[[0,6,"pl-c1"]],[[0,6,"pl-c1"]],[[0,6,"pl-c1"]],[[0,6,"pl-c1"]],[[0,6,"pl-c1"]],[[0,6,"pl-c1"]],[[0,6,"pl-c1"]],[[0,6,"pl-c1"]],[[0,6,"pl-c1"]],[[0,6,"pl-c1"]],[[0,6,"pl-c1"]],[[0,6,"pl-c1"]],[[0,6,"pl-c1"]],[[0,6,"pl-c1"]],[[0,6,"pl-c1"]],[[0,6,"pl-c1"]],[[0,6,"pl-c1"]],[[0,6,"pl-c1"]],[[0,6,"pl-c1"]],[[0,6,"pl-c1"]],[[0,6,"pl-c1"]],[[0,6,"pl-c1"]],[[0,6,"pl-c1"]],[[0,6,"pl-c1"]],[[0,6,"pl-c1"]],[[0,6,"pl-c1"]],[[0,6,"pl-c1"]],[[0,6,"pl-c1"]],[[0,6,"pl-c1"]],[[0,6,"pl-c1"]],[[0,6,"pl-c1"]],[[0,6,"pl-c1"]],[[0,6,"pl-c1"]],[[0,6,"pl-c1"]],[[0,6,"pl-c1"]],[[0,6,"pl-c1"]],[[0,6,"pl-c1"]],[[0,6,"pl-c1"]],[[0,6,"pl-c1"]],[[0,6,"pl-c1"]],[[0,6,"pl-c1"]],[[0,6,"pl-c1"]],[[0,6,"pl-c1"]],[[0,6,"pl-c1"]],[[0,6,"pl-c1"]],[[0,6,"pl-c1"]],[[0,6,"pl-c1"]],[[0,6,"pl-c1"]],[[0,6,"pl-c1"]],[[0,6,"pl-c1"]],[[0,6,"pl-c1"]],[[0,6,"pl-c1"]],[[0,6,"pl-c1"]],[[0,6,"pl-c1"]],[[0,6,"pl-c1"]],[[0,6,"pl-c1"]],[[0,6,"pl-c1"]],[[0,6,"pl-c1"]],[[0,6,"pl-c1"]],[[0,6,"pl-c1"]],[[0,6,"pl-c1"]],[[0,6,"pl-c1"]],[[0,6,"pl-c1"]],[[0,6,"pl-c1"]],[[0,6,"pl-c1"]],[[0,6,"pl-c1"]],[[0,6,"pl-c1"]],[[0,6,"pl-c1"]],[[0,6,"pl-c1"]],[[0,6,"pl-c1"]],[[0,6,"pl-c1"]],[[0,6,"pl-c1"]],[[0,6,"pl-c1"]],[[0,6,"pl-c1"]],[[0,6,"pl-c1"]],[[0,6,"pl-c1"]],[[0,6,"pl-c1"]],[[0,6,"pl-c1"]],[[0,6,"pl-c1"]],[[0,6,"pl-c1"]],[[0,6,"pl-c1"]],[[0,6,"pl-c1"]],[[0,6,"pl-c1"]],[[0,6,"pl-c1"]],[[0,6,"pl-c1"]],[[0,6,"pl-c1"]],[[0,6,"pl-c1"]],[[0,6,"pl-c1"]],[[0,6,"pl-c1"]],[[0,6,"pl-c1"]],[[0,6,"pl-c1"]],[[0,6,"pl-c1"]],[[0,6,"pl-c1"]],[[0,6,"pl-c1"]],[[0,6,"pl-c1"]],[[0,6,"pl-c1"]],[[0,6,"pl-c1"]],[[0,6,"pl-c1"]],[[0,6,"pl-c1"]],[[0,6,"pl-c1"]],[[0,6,"pl-c1"]],[[0,6,"pl-c1"]],[[0,6,"pl-c1"]],[[0,6,"pl-c1"]],[[0,6,"pl-c1"]],[[0,6,"pl-c1"]],[[0,6,"pl-c1"]],[[0,6,"pl-c1"]],[[0,6,"pl-c1"]],[[0,6,"pl-c1"]],[[0,6,"pl-c1"]],[[0,6,"pl-c1"]],[[0,6,"pl-c1"]],[[0,6,"pl-c1"]],[[0,6,"pl-c1"]],[[0,6,"pl-c1"]],[[0,6,"pl-c1"]],[[0,6,"pl-c1"]],[[0,6,"pl-c1"]],[[0,6,"pl-c1"]],[[0,6,"pl-c1"]],[[0,6,"pl-c1"]],[[0,6,"pl-c1"]],[[0,6,"pl-c1"]],[[0,6,"pl-c1"]],[[0,6,"pl-c1"]],[[0,6,"pl-c1"]],[[0,6,"pl-c1"]],[[0,6,"pl-c1"]],[[0,6,"pl-c1"]],[[0,6,"pl-c1"]],[[0,6,"pl-c1"]],[[0,6,"pl-c1"]],[[0,6,"pl-c1"]],[[0,6,"pl-c1"]],[[0,6,"pl-c1"]],[[0,6,"pl-c1"]],[[0,6,"pl-c1"]],[[0,6,"pl-c1"]],[[0,6,"pl-c1"]],[[0,6,"pl-c1"]],[[0,6,"pl-c1"]],[[0,6,"pl-c1"]],[[0,6,"pl-c1"]],[[0,6,"pl-c1"]],[[0,6,"pl-c1"]],[[0,6,"pl-c1"]],[[0,6,"pl-c1"]],[[0,6,"pl-c1"]],[[0,6,"pl-c1"]],[[0,6,"pl-c1"]],[[0,6,"pl-c1"]],[[0,6,"pl-c1"]],[[0,6,"pl-c1"]],[[0,6,"pl-c1"]],[[0,6,"pl-c1"]],[[0,6,"pl-c1"]],[[0,6,"pl-c1"]],[[0,6,"pl-c1"]],[[0,6,"pl-c1"]],[[0,6,"pl-c1"]],[[0,6,"pl-c1"]],[[0,6,"pl-c1"]],[[0,6,"pl-c1"]],[[0,6,"pl-c1"]],[[0,6,"pl-c1"]],[[0,6,"pl-c1"]],[[0,6,"pl-c1"]],[[0,6,"pl-c1"]],[[0,6,"pl-c1"]],[[0,6,"pl-c1"]],[[0,6,"pl-c1"]],[[0,6,"pl-c1"]],[[0,6,"pl-c1"]],[[0,6,"pl-c1"]],[[0,6,"pl-c1"]],[[0,6,"pl-c1"]],[[0,6,"pl-c1"]],[[0,6,"pl-c1"]],[[0,6,"pl-c1"]],[[0,6,"pl-c1"]],[[0,6,"pl-c1"]],[[0,6,"pl-c1"]],[[0,6,"pl-c1"]],[[0,6,"pl-c1"]],[[0,6,"pl-c1"]],[[0,6,"pl-c1"]],[[0,6,"pl-c1"]],[[0,6,"pl-c1"]],[[0,6,"pl-c1"]],[[0,6,"pl-c1"]],[[0,6,"pl-c1"]],[[0,6,"pl-c1"]],[[0,6,"pl-c1"]],[[0,6,"pl-c1"]],[[0,6,"pl-c1"]],[[0,6,"pl-c1"]],[[0,6,"pl-c1"]],[[0,6,"pl-c1"]],[[0,6,"pl-c1"]],[[0,6,"pl-c1"]],[[0,6,"pl-c1"]],[[0,6,"pl-c1"]],[[0,6,"pl-c1"]],[[0,6,"pl-c1"]],[[0,6,"pl-c1"]],[[0,6,"pl-c1"]],[[0,6,"pl-c1"]],[[0,6,"pl-c1"]],[[0,6,"pl-c1"]],[[0,6,"pl-c1"]],[[0,6,"pl-c1"]],[[0,6,"pl-c1"]],[[0,6,"pl-c1"]],[[0,6,"pl-c1"]],[[0,6,"pl-c1"]],[[0,6,"pl-c1"]],[[0,6,"pl-c1"]],[[0,6,"pl-c1"]],[[0,6,"pl-c1"]],[[0,6,"pl-c1"]],[[0,6,"pl-c1"]],[[0,6,"pl-c1"]],[[0,6,"pl-c1"]],[[0,6,"pl-c1"]],[[0,6,"pl-c1"]],[[0,6,"pl-c1"]],[[0,6,"pl-c1"]],[[0,6,"pl-c1"]],[[0,6,"pl-c1"]],[[0,6,"pl-c1"]],[[0,6,"pl-c1"]],[[0,6,"pl-c1"]],[[0,6,"pl-c1"]],[[0,6,"pl-c1"]],[[0,6,"pl-c1"]],[[0,6,"pl-c1"]],[[0,6,"pl-c1"]],[[0,6,"pl-c1"]],[[0,6,"pl-c1"]],[[0,6,"pl-c1"]],[[0,6,"pl-c1"]],[[0,6,"pl-c1"]],[[0,6,"pl-c1"]],[[0,6,"pl-c1"]],[[0,6,"pl-c1"]],[[0,6,"pl-c1"]],[[0,6,"pl-c1"]],[[0,6,"pl-c1"]],[[0,6,"pl-c1"]],[[0,6,"pl-c1"]],[[0,6,"pl-c1"]],[[0,6,"pl-c1"]],[[0,6,"pl-c1"]],[[0,6,"pl-c1"]],[[0,6,"pl-c1"]],[[0,6,"pl-c1"]],[[0,6,"pl-c1"]],[[0,6,"pl-c1"]],[[0,6,"pl-c1"]],[[0,6,"pl-c1"]],[[0,6,"pl-c1"]],[[0,6,"pl-c1"]],[[0,6,"pl-c1"]],[[0,6,"pl-c1"]],[[0,6,"pl-c1"]],[[0,6,"pl-c1"]],[[0,6,"pl-c1"]],[[0,6,"pl-c1"]],[[0,6,"pl-c1"]],[[0,6,"pl-c1"]],[[0,6,"pl-c1"]],[[0,6,"pl-c1"]],[[0,6,"pl-c1"]],[[0,6,"pl-c1"]],[[0,6,"pl-c1"]],[[0,6,"pl-c1"]],[[0,6,"pl-c1"]],[[0,6,"pl-c1"]],[[0,6,"pl-c1"]],[[0,6,"pl-c1"]],[[0,6,"pl-c1"]],[[0,6,"pl-c1"]],[[0,6,"pl-c1"]],[[0,6,"pl-c1"]],[[0,6,"pl-c1"]],[[0,6,"pl-c1"]],[[0,6,"pl-c1"]],[[0,6,"pl-c1"]],[[0,6,"pl-c1"]],[[0,6,"pl-c1"]],[[0,6,"pl-c1"]],[[0,6,"pl-c1"]],[[0,6,"pl-c1"]],[[0,6,"pl-c1"]],[[0,6,"pl-c1"]],[[0,6,"pl-c1"]],[[0,6,"pl-c1"]],[[0,6,"pl-c1"]],[[0,6,"pl-c1"]],[[0,6,"pl-c1"]],[[0,6,"pl-c1"]],[[0,6,"pl-c1"]],[[0,6,"pl-c1"]],[[0,6,"pl-c1"]],[[0,6,"pl-c1"]],[[0,6,"pl-c1"]],[[0,6,"pl-c1"]],[[0,6,"pl-c1"]],[[0,6,"pl-c1"]],[[0,6,"pl-c1"]],[[0,6,"pl-c1"]],[[0,6,"pl-c1"]],[[0,6,"pl-c1"]],[[0,6,"pl-c1"]],[[0,6,"pl-c1"]],[[0,6,"pl-c1"]],[[0,6,"pl-c1"]],[[0,6,"pl-c1"]],[[0,6,"pl-c1"]],[[0,6,"pl-c1"]],[[0,6,"pl-c1"]],[[0,6,"pl-c1"]],[[0,6,"pl-c1"]],[[0,6,"pl-c1"]],[[0,6,"pl-c1"]],[[0,6,"pl-c1"]],[[0,6,"pl-c1"]],[[0,6,"pl-c1"]],[[0,6,"pl-c1"]],[[0,6,"pl-c1"]],[[0,6,"pl-c1"]],[[0,6,"pl-c1"]],[[0,6,"pl-c1"]],[[0,6,"pl-c1"]],[[0,6,"pl-c1"]],[[0,6,"pl-c1"]],[[0,6,"pl-c1"]],[[0,6,"pl-c1"]],[[0,6,"pl-c1"]],[[0,6,"pl-c1"]],[[0,6,"pl-c1"]],[[0,6,"pl-c1"]],[[0,6,"pl-c1"]],[[0,6,"pl-c1"]],[[0,6,"pl-c1"]],[[0,6,"pl-c1"]],[[0,6,"pl-c1"]],[[0,6,"pl-c1"]],[[0,6,"pl-c1"]],[[0,6,"pl-c1"]],[[0,6,"pl-c1"]],[[0,6,"pl-c1"]],[[0,6,"pl-c1"]],[[0,6,"pl-c1"]],[[0,6,"pl-c1"]],[[0,6,"pl-c1"]],[[0,6,"pl-c1"]],[[0,6,"pl-c1"]],[[0,6,"pl-c1"]],[[0,6,"pl-c1"]],[[0,6,"pl-c1"]],[[0,6,"pl-c1"]],[[0,6,"pl-c1"]],[[0,6,"pl-c1"]],[[0,6,"pl-c1"]],[[0,6,"pl-c1"]],[[0,6,"pl-c1"]],[[0,6,"pl-c1"]],[[0,6,"pl-c1"]],[[0,6,"pl-c1"]],[[0,6,"pl-c1"]],[[0,6,"pl-c1"]],[[0,6,"pl-c1"]],[[0,6,"pl-c1"]],[[0,6,"pl-c1"]],[[0,6,"pl-c1"]],[[0,6,"pl-c1"]],[[0,6,"pl-c1"]],[[0,6,"pl-c1"]],[[0,6,"pl-c1"]],[[0,6,"pl-c1"]],[[0,6,"pl-c1"]],[[0,6,"pl-c1"]],[[0,6,"pl-c1"]],[[0,6,"pl-c1"]],[[0,6,"pl-c1"]],[[0,6,"pl-c1"]],[[0,6,"pl-c1"]],[[0,6,"pl-c1"]],[[0,6,"pl-c1"]],[[0,6,"pl-c1"]],[[0,6,"pl-c1"]],[[0,6,"pl-c1"]],[[0,6,"pl-c1"]],[[0,6,"pl-c1"]],[[0,6,"pl-c1"]],[[0,6,"pl-c1"]],[[0,6,"pl-c1"]],[[0,6,"pl-c1"]],[[0,6,"pl-c1"]],[[0,6,"pl-c1"]],[[0,6,"pl-c1"]],[[0,6,"pl-c1"]],[[0,6,"pl-c1"]],[[0,6,"pl-c1"]],[[0,6,"pl-c1"]],[[0,6,"pl-c1"]],[[0,6,"pl-c1"]],[[0,6,"pl-c1"]],[[0,6,"pl-c1"]],[[0,6,"pl-c1"]],[[0,6,"pl-c1"]],[[0,6,"pl-c1"]],[[0,6,"pl-c1"]],[[0,6,"pl-c1"]],[[0,6,"pl-c1"]],[[0,6,"pl-c1"]],[[0,6,"pl-c1"]],[[0,6,"pl-c1"]],[[0,6,"pl-c1"]],[[0,6,"pl-c1"]],[[0,6,"pl-c1"]],[[0,6,"pl-c1"]],[[0,6,"pl-c1"]],[[0,6,"pl-c1"]],[[0,6,"pl-c1"]],[[0,6,"pl-c1"]],[[0,6,"pl-c1"]],[[0,6,"pl-c1"]],[[0,6,"pl-c1"]],[[0,6,"pl-c1"]],[[0,6,"pl-c1"]],[[0,6,"pl-c1"]],[[0,6,"pl-c1"]],[[0,6,"pl-c1"]],[[0,6,"pl-c1"]],[[0,6,"pl-c1"]],[[0,6,"pl-c1"]],[[0,6,"pl-c1"]],[[0,6,"pl-c1"]],[[0,6,"pl-c1"]],[[0,6,"pl-c1"]],[[0,6,"pl-c1"]],[[0,6,"pl-c1"]],[[0,6,"pl-c1"]],[[0,6,"pl-c1"]],[[0,6,"pl-c1"]],[[0,6,"pl-c1"]],[[0,6,"pl-c1"]],[[0,6,"pl-c1"]],[[0,6,"pl-c1"]],[[0,6,"pl-c1"]],[[0,6,"pl-c1"]],[[0,6,"pl-c1"]],[[0,6,"pl-c1"]],[[0,6,"pl-c1"]],[[0,6,"pl-c1"]],[[0,6,"pl-c1"]],[[0,6,"pl-c1"]],[[0,6,"pl-c1"]],[[0,6,"pl-c1"]],[[0,6,"pl-c1"]],[[0,6,"pl-c1"]],[[0,6,"pl-c1"]],[[0,6,"pl-c1"]],[[0,6,"pl-c1"]],[[0,6,"pl-c1"]],[[0,6,"pl-c1"]],[[0,6,"pl-c1"]],[[0,6,"pl-c1"]],[[0,6,"pl-c1"]],[[0,6,"pl-c1"]],[[0,6,"pl-c1"]],[[0,6,"pl-c1"]],[[0,6,"pl-c1"]],[[0,6,"pl-c1"]],[[0,6,"pl-c1"]],[[0,6,"pl-c1"]],[[0,6,"pl-c1"]],[[0,6,"pl-c1"]],[[0,6,"pl-c1"]],[[0,6,"pl-c1"]],[[0,6,"pl-c1"]],[[0,6,"pl-c1"]],[[0,6,"pl-c1"]],[[0,6,"pl-c1"]],[[0,6,"pl-c1"]],[[0,6,"pl-c1"]],[[0,6,"pl-c1"]],[[0,6,"pl-c1"]],[[0,6,"pl-c1"]],[[0,6,"pl-c1"]],[[0,6,"pl-c1"]],[[0,6,"pl-c1"]],[[0,6,"pl-c1"]],[[0,6,"pl-c1"]],[[0,6,"pl-c1"]],[[0,6,"pl-c1"]],[[0,6,"pl-c1"]],[[0,6,"pl-c1"]],[[0,6,"pl-c1"]],[[0,6,"pl-c1"]],[[0,6,"pl-c1"]],[[0,6,"pl-c1"]],[[0,6,"pl-c1"]],[[0,6,"pl-c1"]],[[0,6,"pl-c1"]],[[0,6,"pl-c1"]],[[0,6,"pl-c1"]],[[0,6,"pl-c1"]],[[0,6,"pl-c1"]],[[0,6,"pl-c1"]],[[0,6,"pl-c1"]],[[0,6,"pl-c1"]],[[0,6,"pl-c1"]],[[0,6,"pl-c1"]],[[0,6,"pl-c1"]],[[0,6,"pl-c1"]],[[0,6,"pl-c1"]],[[0,6,"pl-c1"]],[[0,6,"pl-c1"]],[[0,6,"pl-c1"]],[[0,6,"pl-c1"]],[[0,6,"pl-c1"]],[[0,6,"pl-c1"]],[[0,6,"pl-c1"]],[[0,6,"pl-c1"]],[[0,6,"pl-c1"]],[[0,6,"pl-c1"]],[[0,6,"pl-c1"]],[[0,6,"pl-c1"]],[[0,6,"pl-c1"]],[[0,6,"pl-c1"]],[[0,6,"pl-c1"]],[[0,6,"pl-c1"]],[[0,6,"pl-c1"]],[[0,6,"pl-c1"]],[[0,6,"pl-c1"]],[[0,6,"pl-c1"]],[[0,6,"pl-c1"]],[[0,6,"pl-c1"]],[[0,6,"pl-c1"]],[[0,6,"pl-c1"]],[[0,6,"pl-c1"]],[[0,6,"pl-c1"]],[[0,6,"pl-c1"]],[[0,6,"pl-c1"]],[[0,6,"pl-c1"]],[[0,6,"pl-c1"]],[[0,6,"pl-c1"]],[[0,6,"pl-c1"]],[[0,6,"pl-c1"]],[[0,6,"pl-c1"]],[[0,6,"pl-c1"]],[[0,6,"pl-c1"]],[[0,6,"pl-c1"]],[[0,6,"pl-c1"]],[[0,6,"pl-c1"]],[[0,6,"pl-c1"]],[[0,6,"pl-c1"]],[[0,6,"pl-c1"]],[[0,6,"pl-c1"]],[[0,6,"pl-c1"]],[[0,6,"pl-c1"]],[[0,6,"pl-c1"]],[[0,6,"pl-c1"]],[[0,6,"pl-c1"]],[[0,6,"pl-c1"]],[[0,6,"pl-c1"]],[[0,6,"pl-c1"]],[[0,6,"pl-c1"]],[[0,6,"pl-c1"]],[[0,6,"pl-c1"]],[[0,6,"pl-c1"]],[[0,6,"pl-c1"]],[[0,6,"pl-c1"]],[[0,6,"pl-c1"]],[[0,6,"pl-c1"]],[[0,6,"pl-c1"]],[[0,6,"pl-c1"]],[[0,6,"pl-c1"]],[[0,6,"pl-c1"]],[[0,6,"pl-c1"]],[[0,6,"pl-c1"]],[[0,6,"pl-c1"]],[[0,6,"pl-c1"]],[[0,6,"pl-c1"]],[[0,6,"pl-c1"]],[[0,6,"pl-c1"]],[[0,6,"pl-c1"]],[[0,6,"pl-c1"]],[[0,6,"pl-c1"]],[[0,6,"pl-c1"]],[[0,6,"pl-c1"]],[[0,6,"pl-c1"]],[[0,6,"pl-c1"]],[[0,6,"pl-c1"]],[[0,6,"pl-c1"]],[[0,6,"pl-c1"]],[[0,6,"pl-c1"]],[[0,6,"pl-c1"]],[[0,6,"pl-c1"]],[[0,6,"pl-c1"]],[[0,6,"pl-c1"]],[[0,6,"pl-c1"]],[[0,6,"pl-c1"]],[[0,6,"pl-c1"]],[[0,6,"pl-c1"]],[[0,6,"pl-c1"]],[[0,6,"pl-c1"]],[[0,6,"pl-c1"]],[[0,6,"pl-c1"]],[[0,6,"pl-c1"]],[[0,6,"pl-c1"]],[[0,6,"pl-c1"]],[[0,6,"pl-c1"]],[[0,6,"pl-c1"]],[[0,6,"pl-c1"]],[[0,6,"pl-c1"]],[[0,6,"pl-c1"]],[[0,6,"pl-c1"]],[[0,6,"pl-c1"]],[[0,6,"pl-c1"]],[[0,6,"pl-c1"]],[[0,6,"pl-c1"]],[[0,6,"pl-c1"]],[[0,6,"pl-c1"]],[[0,6,"pl-c1"]],[[0,6,"pl-c1"]],[[0,6,"pl-c1"]],[[0,6,"pl-c1"]],[[0,6,"pl-c1"]],[[0,6,"pl-c1"]],[[0,6,"pl-c1"]],[[0,6,"pl-c1"]],[[0,6,"pl-c1"]],[[0,6,"pl-c1"]],[[0,6,"pl-c1"]],[[0,6,"pl-c1"]],[[0,6,"pl-c1"]],[[0,6,"pl-c1"]],[[0,6,"pl-c1"]],[[0,6,"pl-c1"]],[[0,6,"pl-c1"]],[[0,6,"pl-c1"]],[[0,6,"pl-c1"]],[[0,6,"pl-c1"]],[[0,6,"pl-c1"]],[[0,6,"pl-c1"]],[[0,6,"pl-c1"]],[[0,6,"pl-c1"]],[[0,6,"pl-c1"]],[[0,6,"pl-c1"]],[[0,6,"pl-c1"]],[[0,6,"pl-c1"]],[[0,6,"pl-c1"]],[[0,6,"pl-c1"]],[[0,6,"pl-c1"]],[[0,6,"pl-c1"]],[[0,6,"pl-c1"]],[[0,6,"pl-c1"]],[[0,6,"pl-c1"]],[[0,6,"pl-c1"]],[[0,6,"pl-c1"]],[[0,6,"pl-c1"]],[[0,6,"pl-c1"]],[[0,6,"pl-c1"]],[[0,6,"pl-c1"]],[[0,6,"pl-c1"]],[[0,6,"pl-c1"]],[[0,6,"pl-c1"]],[[0,6,"pl-c1"]],[[0,6,"pl-c1"]],[[0,6,"pl-c1"]],[[0,6,"pl-c1"]],[[0,6,"pl-c1"]],[[0,6,"pl-c1"]],[[0,6,"pl-c1"]],[[0,6,"pl-c1"]],[[0,6,"pl-c1"]],[[0,6,"pl-c1"]],[[0,6,"pl-c1"]],[[0,6,"pl-c1"]],[[0,6,"pl-c1"]],[[0,6,"pl-c1"]],[[0,6,"pl-c1"]],[[0,6,"pl-c1"]],[[0,6,"pl-c1"]],[[0,6,"pl-c1"]],[[0,6,"pl-c1"]],[[0,6,"pl-c1"]],[[0,6,"pl-c1"]],[[0,6,"pl-c1"]],[[0,6,"pl-c1"]],[[0,6,"pl-c1"]],[[0,6,"pl-c1"]],[[0,6,"pl-c1"]],[[0,6,"pl-c1"]],[[0,6,"pl-c1"]],[[0,6,"pl-c1"]],[[0,6,"pl-c1"]],[[0,6,"pl-c1"]],[[0,6,"pl-c1"]],[[0,6,"pl-c1"]],[[0,6,"pl-c1"]],[[0,6,"pl-c1"]],[[0,6,"pl-c1"]]],"colorizedLines":null,"csv":null,"csvError":"We can make this file \u003ca href='https://docs.github.com/articles/rendering-csv-and-tsv-data'\u003ebeautiful and searchable\u003c/a\u003e if this error is corrected: No tabs found in this TSV file in line 0.","dependabotInfo":{"showConfigurationBanner":false,"configFilePath":null,"networkDependabotPath":"/AnantharamanLab/VIBRANT/network/updates","dismissConfigurationNoticePath":"/settings/dismiss-notice/dependabot_configuration_notice","configurationNoticeDismissed":null},"displayName":"VIBRANT_AMGs.tsv","displayUrl":"https://github.com/AnantharamanLab/VIBRANT/blob/master/files/VIBRANT_AMGs.tsv?raw=true","headerInfo":{"blobSize":"22.2 KB","deleteTooltip":"You must be signed in to make or propose changes","editTooltip":"You must be signed in to make or propose changes","ghDesktopPath":"https://desktop.github.com","isGitLfs":false,"onBranch":true,"shortPath":"f96ad2f","siteNavLoginPath":"/login?return_to=https%3A%2F%2Fgithub.com%2FAnantharamanLab%2FVIBRANT%2Fblob%2Fmaster%2Ffiles%2FVIBRANT_AMGs.tsv","isCSV":true,"isRichtext":false,"toc":null,"lineInfo":{"truncatedLoc":"2836","truncatedSloc":"2836"},"mode":"file"},"image":false,"isCodeownersFile":null,"isPlain":false,"isValidLegacyIssueTemplate":false,"issueTemplate":null,"discussionTemplate":null,"language":"TSV","languageID":1035892117,"large":false,"planSupportInfo":{"repoIsFork":null,"repoOwnedByCurrentUser":null,"requestFullPath":"/AnantharamanLab/VIBRANT/blob/master/files/VIBRANT_AMGs.tsv","showFreeOrgGatedFeatureMessage":null,"showPlanSupportBanner":null,"upgradeDataAttributes":null,"upgradePath":null},"publishBannersInfo":{"dismissActionNoticePath":"/settings/dismiss-notice/publish_action_from_dockerfile","releasePath":"/AnantharamanLab/VIBRANT/releases/new?marketplace=true","showPublishActionBanner":false},"rawBlobUrl":"https://github.com/AnantharamanLab/VIBRANT/raw/refs/heads/master/files/VIBRANT_AMGs.tsv","renderImageOrRaw":false,"richText":null,"renderedFileInfo":null,"shortPath":null,"symbolsEnabled":true,"tabSize":8,"topBannersInfo":{"overridingGlobalFundingFile":false,"globalPreferredFundingPath":null,"showInvalidCitationWarning":false,"citationHelpUrl":"https://docs.github.com/github/creating-cloning-and-archiving-repositories/creating-a-repository-on-github/about-citation-files","actionsOnboardingTip":null},"truncated":false,"viewable":true,"workflowRedirectUrl":null,"symbols":{"timed_out":false,"not_analyzed":true,"symbols":[]}},"copilotInfo":null,"copilotAccessAllowed":false,"modelsAccessAllowed":false,"modelsRepoIntegrationEnabled":false,"csrf_tokens":{"/AnantharamanLab/VIBRANT/branches":{"post":"AZFUWdE9KTqflJ5vnF6Sadh9bx-DfxZKaEkSesszIEgNuQfeWxp12jn39V0Hv4xp8ZChQif97LHb8t0gK6VU_g"},"/repos/preferences":{"post":"ryf1N_x4wmki3t-zHLnrduYxcmriw-xdWVWh3aPIwW7OjalJYIFa0YwmjhZVrrIgATtXtRJpgH5qudLXxszYHQ"}}},"title":"VIBRANT/files/VIBRANT_AMGs.tsv at master · AnantharamanLab/VIBRANT","appPayload":{"helpUrl":"https://docs.github.com","findFileWorkerPath":"/assets-cdn/worker/find-file-worker-7d7eb7c71814.js","findInFileWorkerPath":"/assets-cdn/worker/find-in-file-worker-f84d09b5f529.js","githubDevUrl":null,"enabled_features":{"code_nav_ui_events":false,"react_blob_overlay":false,"accessible_code_button":true,"github_models_repo_integration":false}}}</script>
  <div data-target="react-app.reactRoot"></div>
</react-app>
</turbo-frame>



  </div>

</turbo-frame>

    </main>
  </div>

  </div>

          <footer class="footer pt-8 pb-6 f6 color-fg-muted p-responsive" role="contentinfo" >
  <h2 class='sr-only'>Footer</h2>

  


  <div class="d-flex flex-justify-center flex-items-center flex-column-reverse flex-lg-row flex-wrap flex-lg-nowrap">
    <div class="d-flex flex-items-center flex-shrink-0 mx-2">
      <a aria-label="Homepage" title="GitHub" class="footer-octicon mr-2" href="https://github.com">
        <svg aria-hidden="true" height="24" viewBox="0 0 24 24" version="1.1" width="24" data-view-component="true" class="octicon octicon-mark-github">
    <path d="M12 1C5.9225 1 1 5.9225 1 12C1 16.8675 4.14875 20.9787 8.52125 22.4362C9.07125 22.5325 9.2775 22.2025 9.2775 21.9137C9.2775 21.6525 9.26375 20.7862 9.26375 19.865C6.5 20.3737 5.785 19.1912 5.565 18.5725C5.44125 18.2562 4.905 17.28 4.4375 17.0187C4.0525 16.8125 3.5025 16.3037 4.42375 16.29C5.29 16.2762 5.90875 17.0875 6.115 17.4175C7.105 19.0812 8.68625 18.6137 9.31875 18.325C9.415 17.61 9.70375 17.1287 10.02 16.8537C7.5725 16.5787 5.015 15.63 5.015 11.4225C5.015 10.2262 5.44125 9.23625 6.1425 8.46625C6.0325 8.19125 5.6475 7.06375 6.2525 5.55125C6.2525 5.55125 7.17375 5.2625 9.2775 6.67875C10.1575 6.43125 11.0925 6.3075 12.0275 6.3075C12.9625 6.3075 13.8975 6.43125 14.7775 6.67875C16.8813 5.24875 17.8025 5.55125 17.8025 5.55125C18.4075 7.06375 18.0225 8.19125 17.9125 8.46625C18.6138 9.23625 19.04 10.2125 19.04 11.4225C19.04 15.6437 16.4688 16.5787 14.0213 16.8537C14.42 17.1975 14.7638 17.8575 14.7638 18.8887C14.7638 20.36 14.75 21.5425 14.75 21.9137C14.75 22.2025 14.9563 22.5462 15.5063 22.4362C19.8513 20.9787 23 16.8537 23 12C23 5.9225 18.0775 1 12 1Z"></path>
</svg>
</a>
      <span>
        &copy; 2025 GitHub,&nbsp;Inc.
      </span>
    </div>

    <nav aria-label="Footer">
      <h3 class="sr-only" id="sr-footer-heading">Footer navigation</h3>

      <ul class="list-style-none d-flex flex-justify-center flex-wrap mb-2 mb-lg-0" aria-labelledby="sr-footer-heading">

          <li class="mx-2">
            <a data-analytics-event="{&quot;category&quot;:&quot;Footer&quot;,&quot;action&quot;:&quot;go to Terms&quot;,&quot;label&quot;:&quot;text:terms&quot;}" href="https://docs.github.com/site-policy/github-terms/github-terms-of-service" data-view-component="true" class="Link--secondary Link">Terms</a>
          </li>

          <li class="mx-2">
            <a data-analytics-event="{&quot;category&quot;:&quot;Footer&quot;,&quot;action&quot;:&quot;go to privacy&quot;,&quot;label&quot;:&quot;text:privacy&quot;}" href="https://docs.github.com/site-policy/privacy-policies/github-privacy-statement" data-view-component="true" class="Link--secondary Link">Privacy</a>
          </li>

          <li class="mx-2">
            <a data-analytics-event="{&quot;category&quot;:&quot;Footer&quot;,&quot;action&quot;:&quot;go to security&quot;,&quot;label&quot;:&quot;text:security&quot;}" href="https://github.com/security" data-view-component="true" class="Link--secondary Link">Security</a>
          </li>

          <li class="mx-2">
            <a data-analytics-event="{&quot;category&quot;:&quot;Footer&quot;,&quot;action&quot;:&quot;go to status&quot;,&quot;label&quot;:&quot;text:status&quot;}" href="https://www.githubstatus.com/" data-view-component="true" class="Link--secondary Link">Status</a>
          </li>

          <li class="mx-2">
            <a data-analytics-event="{&quot;category&quot;:&quot;Footer&quot;,&quot;action&quot;:&quot;go to docs&quot;,&quot;label&quot;:&quot;text:docs&quot;}" href="https://docs.github.com/" data-view-component="true" class="Link--secondary Link">Docs</a>
          </li>

          <li class="mx-2">
            <a data-analytics-event="{&quot;category&quot;:&quot;Footer&quot;,&quot;action&quot;:&quot;go to contact&quot;,&quot;label&quot;:&quot;text:contact&quot;}" href="https://support.github.com?tags=dotcom-footer" data-view-component="true" class="Link--secondary Link">Contact</a>
          </li>

          <li class="mx-2" >
  <cookie-consent-link>
    <button
      type="button"
      class="Link--secondary underline-on-hover border-0 p-0 color-bg-transparent"
      data-action="click:cookie-consent-link#showConsentManagement"
      data-analytics-event="{&quot;location&quot;:&quot;footer&quot;,&quot;action&quot;:&quot;cookies&quot;,&quot;context&quot;:&quot;subfooter&quot;,&quot;tag&quot;:&quot;link&quot;,&quot;label&quot;:&quot;cookies_link_subfooter_footer&quot;}"
    >
      Manage cookies
    </button>
  </cookie-consent-link>
</li>

<li class="mx-2">
  <cookie-consent-link>
    <button
      type="button"
      class="Link--secondary underline-on-hover border-0 p-0 color-bg-transparent"
      data-action="click:cookie-consent-link#showConsentManagement"
      data-analytics-event="{&quot;location&quot;:&quot;footer&quot;,&quot;action&quot;:&quot;dont_share_info&quot;,&quot;context&quot;:&quot;subfooter&quot;,&quot;tag&quot;:&quot;link&quot;,&quot;label&quot;:&quot;dont_share_info_link_subfooter_footer&quot;}"
    >
      Do not share my personal information
    </button>
  </cookie-consent-link>
</li>

      </ul>
    </nav>
  </div>
</footer>



    <ghcc-consent id="ghcc" class="position-fixed bottom-0 left-0" style="z-index: 999999" data-initial-cookie-consent-allowed="" data-cookie-consent-required="true"></ghcc-consent>



  <div id="ajax-error-message" class="ajax-error-message flash flash-error" hidden>
    <svg aria-hidden="true" height="16" viewBox="0 0 16 16" version="1.1" width="16" data-view-component="true" class="octicon octicon-alert">
    <path d="M6.457 1.047c.659-1.234 2.427-1.234 3.086 0l6.082 11.378A1.75 1.75 0 0 1 14.082 15H1.918a1.75 1.75 0 0 1-1.543-2.575Zm1.763.707a.25.25 0 0 0-.44 0L1.698 13.132a.25.25 0 0 0 .22.368h12.164a.25.25 0 0 0 .22-.368Zm.53 3.996v2.5a.75.75 0 0 1-1.5 0v-2.5a.75.75 0 0 1 1.5 0ZM9 11a1 1 0 1 1-2 0 1 1 0 0 1 2 0Z"></path>
</svg>
    <button type="button" class="flash-close js-ajax-error-dismiss" aria-label="Dismiss error">
      <svg aria-hidden="true" height="16" viewBox="0 0 16 16" version="1.1" width="16" data-view-component="true" class="octicon octicon-x">
    <path d="M3.72 3.72a.75.75 0 0 1 1.06 0L8 6.94l3.22-3.22a.749.749 0 0 1 1.275.326.749.749 0 0 1-.215.734L9.06 8l3.22 3.22a.749.749 0 0 1-.326 1.275.749.749 0 0 1-.734-.215L8 9.06l-3.22 3.22a.751.751 0 0 1-1.042-.018.751.751 0 0 1-.018-1.042L6.94 8 3.72 4.78a.75.75 0 0 1 0-1.06Z"></path>
</svg>
    </button>
    You can’t perform that action at this time.
  </div>

    <template id="site-details-dialog">
  <details class="details-reset details-overlay details-overlay-dark lh-default color-fg-default hx_rsm" open>
    <summary role="button" aria-label="Close dialog"></summary>
    <details-dialog class="Box Box--overlay d-flex flex-column anim-fade-in fast hx_rsm-dialog hx_rsm-modal">
      <button class="Box-btn-octicon m-0 btn-octicon position-absolute right-0 top-0" type="button" aria-label="Close dialog" data-close-dialog>
        <svg aria-hidden="true" height="16" viewBox="0 0 16 16" version="1.1" width="16" data-view-component="true" class="octicon octicon-x">
    <path d="M3.72 3.72a.75.75 0 0 1 1.06 0L8 6.94l3.22-3.22a.749.749 0 0 1 1.275.326.749.749 0 0 1-.215.734L9.06 8l3.22 3.22a.749.749 0 0 1-.326 1.275.749.749 0 0 1-.734-.215L8 9.06l-3.22 3.22a.751.751 0 0 1-1.042-.018.751.751 0 0 1-.018-1.042L6.94 8 3.72 4.78a.75.75 0 0 1 0-1.06Z"></path>
</svg>
      </button>
      <div class="octocat-spinner my-6 js-details-dialog-spinner"></div>
    </details-dialog>
  </details>
</template>

    <div class="Popover js-hovercard-content position-absolute" style="display: none; outline: none;">
  <div class="Popover-message Popover-message--bottom-left Popover-message--large Box color-shadow-large" style="width:360px;">
  </div>
</div>

    <template id="snippet-clipboard-copy-button">
  <div class="zeroclipboard-container position-absolute right-0 top-0">
    <clipboard-copy aria-label="Copy" class="ClipboardButton btn js-clipboard-copy m-2 p-0" data-copy-feedback="Copied!" data-tooltip-direction="w">
      <svg aria-hidden="true" height="16" viewBox="0 0 16 16" version="1.1" width="16" data-view-component="true" class="octicon octicon-copy js-clipboard-copy-icon m-2">
    <path d="M0 6.75C0 5.784.784 5 1.75 5h1.5a.75.75 0 0 1 0 1.5h-1.5a.25.25 0 0 0-.25.25v7.5c0 .138.112.25.25.25h7.5a.25.25 0 0 0 .25-.25v-1.5a.75.75 0 0 1 1.5 0v1.5A1.75 1.75 0 0 1 9.25 16h-7.5A1.75 1.75 0 0 1 0 14.25Z"></path><path d="M5 1.75C5 .784 5.784 0 6.75 0h7.5C15.216 0 16 .784 16 1.75v7.5A1.75 1.75 0 0 1 14.25 11h-7.5A1.75 1.75 0 0 1 5 9.25Zm1.75-.25a.25.25 0 0 0-.25.25v7.5c0 .138.112.25.25.25h7.5a.25.25 0 0 0 .25-.25v-7.5a.25.25 0 0 0-.25-.25Z"></path>
</svg>
      <svg aria-hidden="true" height="16" viewBox="0 0 16 16" version="1.1" width="16" data-view-component="true" class="octicon octicon-check js-clipboard-check-icon color-fg-success d-none m-2">
    <path d="M13.78 4.22a.75.75 0 0 1 0 1.06l-7.25 7.25a.75.75 0 0 1-1.06 0L2.22 9.28a.751.751 0 0 1 .018-1.042.751.751 0 0 1 1.042-.018L6 10.94l6.72-6.72a.75.75 0 0 1 1.06 0Z"></path>
</svg>
    </clipboard-copy>
  </div>
</template>
<template id="snippet-clipboard-copy-button-unpositioned">
  <div class="zeroclipboard-container">
    <clipboard-copy aria-label="Copy" class="ClipboardButton btn btn-invisible js-clipboard-copy m-2 p-0 d-flex flex-justify-center flex-items-center" data-copy-feedback="Copied!" data-tooltip-direction="w">
      <svg aria-hidden="true" height="16" viewBox="0 0 16 16" version="1.1" width="16" data-view-component="true" class="octicon octicon-copy js-clipboard-copy-icon">
    <path d="M0 6.75C0 5.784.784 5 1.75 5h1.5a.75.75 0 0 1 0 1.5h-1.5a.25.25 0 0 0-.25.25v7.5c0 .138.112.25.25.25h7.5a.25.25 0 0 0 .25-.25v-1.5a.75.75 0 0 1 1.5 0v1.5A1.75 1.75 0 0 1 9.25 16h-7.5A1.75 1.75 0 0 1 0 14.25Z"></path><path d="M5 1.75C5 .784 5.784 0 6.75 0h7.5C15.216 0 16 .784 16 1.75v7.5A1.75 1.75 0 0 1 14.25 11h-7.5A1.75 1.75 0 0 1 5 9.25Zm1.75-.25a.25.25 0 0 0-.25.25v7.5c0 .138.112.25.25.25h7.5a.25.25 0 0 0 .25-.25v-7.5a.25.25 0 0 0-.25-.25Z"></path>
</svg>
      <svg aria-hidden="true" height="16" viewBox="0 0 16 16" version="1.1" width="16" data-view-component="true" class="octicon octicon-check js-clipboard-check-icon color-fg-success d-none">
    <path d="M13.78 4.22a.75.75 0 0 1 0 1.06l-7.25 7.25a.75.75 0 0 1-1.06 0L2.22 9.28a.751.751 0 0 1 .018-1.042.751.751 0 0 1 1.042-.018L6 10.94l6.72-6.72a.75.75 0 0 1 1.06 0Z"></path>
</svg>
    </clipboard-copy>
  </div>
</template>




    </div>

    <div id="js-global-screen-reader-notice" class="sr-only mt-n1" aria-live="polite" aria-atomic="true" ></div>
    <div id="js-global-screen-reader-notice-assertive" class="sr-only mt-n1" aria-live="assertive" aria-atomic="true"></div>
  </body>
</html>

